date,location,total_vaccinations,total_distributed,people_vaccinated,people_fully_vaccinated_per_hundred,total_vaccinations_per_hundred,people_fully_vaccinated,people_vaccinated_per_hundred,distributed_per_hundred,daily_vaccinations_raw,daily_vaccinations,daily_vaccinations_per_million,share_doses_used
2021-01-12,Arkansas,40879.0,274400.0,39357.0,0.0,1.35,8.0,1.3,9.09,,,,0.149
2021-01-13,Arkansas,94854.0,297800.0,80458.0,0.43,3.14,12849.0,2.67,9.87,53975.0,53975.0,17886.0,0.319
2021-01-14,Arkansas,108316.0,297800.0,90339.0,,3.59,,2.99,9.87,13462.0,33718.0,11173.0,0.364
2021-01-15,Arkansas,118338.0,297800.0,97829.0,0.62,3.92,18781.0,3.24,9.87,10022.0,25820.0,8556.0,0.397
2021-01-16,Arkansas,,,,,,,,,5999.75,20865.0,6914.0,
2021-01-17,Arkansas,,,,,,,,,5999.75,17892.0,5929.0,
2021-01-18,Arkansas,,,,,,,,,5999.75,15910.0,5272.0,
2021-01-19,Arkansas,142337.0,297800.0,118763.0,0.72,4.72,21734.0,3.94,9.87,5999.75,14494.0,4803.0,0.478
2021-01-20,Arkansas,173312.0,334825.0,144792.0,0.88,5.74,26541.0,4.8,11.09,30975.0,11208.0,3714.0,0.518
2021-01-21,Arkansas,173312.0,361550.0,144792.0,0.88,5.74,26541.0,4.8,11.98,0.0,9285.0,3077.0,0.479
2021-01-22,Arkansas,201676.0,362050.0,167788.0,1.05,6.68,31600.0,5.56,12.0,28364.0,11905.0,3945.0,0.557
2021-01-23,Arkansas,201676.0,368650.0,167788.0,1.05,6.68,31600.0,5.56,12.22,0.0,11048.0,3661.0,0.547
2021-01-24,Arkansas,214240.0,368650.0,179290.0,1.08,7.1,32572.0,5.94,12.22,12564.0,11986.0,3972.0,0.581
2021-01-25,Arkansas,221095.0,368650.0,185546.0,1.1,7.33,33159.0,6.15,12.22,6855.0,12108.0,4012.0,0.6
2021-01-26,Arkansas,236290.0,394775.0,196815.0,1.23,7.83,37055.0,6.52,13.08,15195.0,13422.0,4448.0,0.599
2021-01-27,Arkansas,252824.0,406175.0,209445.0,1.36,8.38,40910.0,6.94,13.46,16534.0,11359.0,3764.0,0.622
2021-01-28,Arkansas,252824.0,453300.0,209445.0,1.36,8.38,40910.0,6.94,15.02,0.0,11359.0,3764.0,0.5579999999999999
2021-01-29,Arkansas,269993.0,453500.0,221552.0,1.52,8.95,45918.0,7.34,15.03,17169.0,9760.0,3234.0,0.595
2021-01-30,Arkansas,288651.0,453700.0,233935.0,1.73,9.56,52118.0,7.75,15.03,18658.0,12425.0,4117.0,0.636
2021-01-31,Arkansas,303793.0,453700.0,244867.0,1.86,10.07,56264.0,8.11,15.03,15142.0,12793.0,4239.0,0.67
2021-02-01,Arkansas,311230.0,453700.0,249943.0,1.94,10.31,58613.0,8.28,15.03,7437.0,12876.0,4267.0,0.6859999999999999
2021-02-02,Arkansas,314470.0,467800.0,251841.0,1.98,10.42,59903.0,8.35,15.5,3240.0,11169.0,3701.0,0.672
2021-02-03,Arkansas,322447.0,499325.0,256307.0,2.1,10.68,63356.0,8.49,16.55,7977.0,9946.0,3296.0,0.6459999999999999
2021-02-04,Arkansas,338227.0,516925.0,266563.0,2.28,11.21,68778.0,8.83,17.13,15780.0,12200.0,4043.0,0.654
2021-02-05,Arkansas,351175.0,535550.0,274459.0,2.45,11.64,73810.0,9.09,17.75,12948.0,11597.0,3843.0,0.6559999999999999
2021-02-06,Arkansas,374674.0,540050.0,290153.0,2.7,12.42,81564.0,9.61,17.9,23499.0,12289.0,4072.0,0.6940000000000001
2021-02-07,Arkansas,393445.0,540050.0,300139.0,2.99,13.04,90308.0,9.95,17.9,18771.0,12807.0,4244.0,0.7290000000000001
2021-02-08,Arkansas,401664.0,540050.0,304604.0,3.12,13.31,94058.0,10.09,17.9,8219.0,12919.0,4281.0,0.7440000000000001
2021-02-09,Arkansas,404127.0,580775.0,305917.0,3.15,13.39,95202.0,10.14,19.24,2463.0,12808.0,4244.0,0.696
2021-02-10,Arkansas,418054.0,581875.0,311339.0,3.44,13.85,103669.0,10.32,19.28,13927.0,13658.0,4526.0,0.718
2021-02-11,Arkansas,430803.0,593775.0,316972.0,3.67,14.28,110751.0,10.5,19.68,12749.0,13225.0,4382.0,0.726
2021-02-12,Arkansas,447146.0,629900.0,325562.0,3.93,14.82,118465.0,10.79,20.87,16343.0,13710.0,4543.0,0.71
2021-02-13,Arkansas,457386.0,630700.0,330146.0,4.11,15.16,124040.0,10.94,20.9,10240.0,11816.0,3915.0,0.725
2021-02-14,Arkansas,472536.0,630700.0,338611.0,4.33,15.66,130637.0,11.22,20.9,15150.0,11299.0,3744.0,0.7490000000000001
2021-02-15,Arkansas,,,,,,,,,5451.0,10903.0,3613.0,
2021-02-16,Arkansas,483438.0,631675.0,343637.0,4.52,16.02,136415.0,11.39,20.93,5451.0,11330.0,3754.0,0.765
2021-02-17,Arkansas,486949.0,649225.0,345271.0,4.58,16.14,138254.0,11.44,21.51,3511.0,9842.0,3261.0,0.75
2021-02-18,Arkansas,490737.0,664225.0,346623.0,4.66,16.26,140662.0,11.49,22.01,3788.0,8562.0,2837.0,0.7390000000000001
2021-02-19,Arkansas,517271.0,691525.0,362972.0,5.0,17.14,150812.0,12.03,22.91,26534.0,10018.0,3320.0,0.748
2021-02-20,Arkansas,520904.0,691525.0,364735.0,5.06,17.26,152675.0,12.09,22.91,3633.0,9074.0,3007.0,0.753
2021-02-21,Arkansas,528467.0,691525.0,367436.0,5.22,17.51,157511.0,12.18,22.91,7563.0,7990.0,2648.0,0.764
2021-02-22,Arkansas,535413.0,691525.0,370403.0,5.35,17.74,161470.0,12.27,22.91,6946.0,8204.0,2719.0,0.774
2021-02-23,Arkansas,540192.0,794230.0,372786.0,5.43,17.9,163848.0,12.35,26.32,4779.0,8108.0,2687.0,0.68
2021-02-24,Arkansas,554466.0,816730.0,378225.0,5.72,18.37,172653.0,12.53,27.06,14274.0,9645.0,3196.0,0.679
2021-02-25,Arkansas,572553.0,826130.0,384549.0,6.11,18.97,184346.0,12.74,27.38,18087.0,11688.0,3873.0,0.693
2021-02-26,Arkansas,597990.0,861230.0,394007.0,6.64,19.82,200253.0,13.06,28.54,25437.0,11531.0,3821.0,0.6940000000000001
2021-02-27,Arkansas,622665.0,892660.0,404883.0,7.09,20.63,213974.0,13.42,29.58,24675.0,14537.0,4817.0,0.698
2021-02-28,Arkansas,649311.0,892660.0,418453.0,7.52,21.52,226968.0,13.87,29.58,26646.0,17263.0,5720.0,0.727
2021-03-01,Arkansas,661572.0,892660.0,424534.0,7.73,21.92,233135.0,14.07,29.58,12261.0,18023.0,5972.0,0.741
2021-03-02,Arkansas,670815.0,963040.0,430748.0,7.83,22.23,236154.0,14.27,31.91,9243.0,18660.0,6183.0,0.6970000000000001
2021-03-03,Arkansas,687433.0,964840.0,441126.0,8.03,22.78,242346.0,14.62,31.97,16618.0,18995.0,6294.0,0.7120000000000001
2021-03-04,Arkansas,704368.0,990640.0,451127.0,8.26,23.34,249244.0,14.95,32.83,16935.0,18831.0,6240.0,0.711
2021-03-05,Arkansas,723756.0,1064920.0,463108.0,8.5,23.98,256589.0,15.35,35.29,19388.0,17967.0,5954.0,0.68
2021-03-06,Arkansas,744139.0,1088150.0,475550.0,8.76,24.66,264478.0,15.76,36.06,20383.0,17353.0,5750.0,0.684
2021-03-07,Arkansas,765260.0,1088150.0,487494.0,9.07,25.36,273608.0,16.15,36.06,21121.0,16564.0,5489.0,0.703
2021-03-08,Arkansas,773357.0,1088150.0,494761.0,9.19,25.63,277217.0,16.39,36.06,8097.0,15969.0,5292.0,0.711
2021-03-09,Arkansas,782750.0,1158630.0,501653.0,9.27,25.94,279815.0,16.62,38.39,9393.0,15991.0,5299.0,0.6759999999999999
2021-03-10,Arkansas,799184.0,1162330.0,513591.0,9.45,26.48,285284.0,17.02,38.52,16434.0,15964.0,5290.0,0.688
2021-03-11,Arkansas,800091.0,1209300.0,514556.0,9.47,26.51,285811.0,17.05,40.07,907.0,13675.0,4531.0,0.662
