date,location,total_vaccinations,total_distributed,people_vaccinated,people_fully_vaccinated_per_hundred,total_vaccinations_per_hundred,people_fully_vaccinated,people_vaccinated_per_hundred,distributed_per_hundred,daily_vaccinations_raw,daily_vaccinations,daily_vaccinations_per_million,share_doses_used
2021-01-12,Colorado,224428.0,516750.0,187838.0,0.63,3.9,36425.0,3.26,8.97,,,,0.434
2021-01-13,Colorado,239665.0,530800.0,198227.0,0.72,4.16,41271.0,3.44,9.22,15237.0,15237.0,2646.0,0.452
2021-01-14,Colorado,254706.0,531775.0,209300.0,,4.42,,3.63,9.23,15041.0,15139.0,2629.0,0.479
2021-01-15,Colorado,272233.0,531775.0,223761.0,0.82,4.73,47021.0,3.89,9.23,17527.0,15935.0,2767.0,0.512
2021-01-16,Colorado,,,,,,,,,14514.75,15580.0,2705.0,
2021-01-17,Colorado,,,,,,,,,14514.75,15367.0,2668.0,
2021-01-18,Colorado,,,,,,,,,14514.75,15225.0,2644.0,
2021-01-19,Colorado,330292.0,531775.0,278639.0,0.87,5.74,49897.0,4.84,9.23,14514.75,15123.0,2626.0,0.621
2021-01-20,Colorado,340438.0,631400.0,287174.0,0.89,5.91,51460.0,4.99,10.96,10146.0,14396.0,2500.0,0.539
2021-01-21,Colorado,353194.0,657250.0,296816.0,0.95,6.13,54474.0,5.15,11.41,12756.0,14070.0,2443.0,0.537
2021-01-22,Colorado,377283.0,671200.0,313217.0,1.08,6.55,62086.0,5.44,11.66,24089.0,15007.0,2606.0,0.562
2021-01-23,Colorado,377283.0,692700.0,313211.0,1.08,6.55,62086.0,5.44,12.03,0.0,12934.0,2246.0,0.545
2021-01-24,Colorado,434496.0,692700.0,355124.0,1.34,7.54,76902.0,6.17,12.03,57213.0,19033.0,3305.0,0.627
2021-01-25,Colorado,447880.0,692700.0,364889.0,1.4,7.78,80467.0,6.34,12.03,13384.0,18872.0,3277.0,0.647
2021-01-26,Colorado,457746.0,726450.0,372266.0,1.44,7.95,82946.0,6.46,12.61,9866.0,18208.0,3162.0,0.63
2021-01-27,Colorado,474527.0,775050.0,381679.0,1.57,8.24,90200.0,6.63,13.46,16781.0,19156.0,3326.0,0.612
2021-01-28,Colorado,495706.0,806950.0,394156.0,1.71,8.61,98663.0,6.84,14.01,21179.0,20359.0,3535.0,0.614
2021-01-29,Colorado,521879.0,813400.0,409939.0,1.88,9.06,108507.0,7.12,14.12,26173.0,20657.0,3587.0,0.642
2021-01-30,Colorado,545356.0,813400.0,423054.0,2.06,9.47,118770.0,7.35,14.12,23477.0,24010.0,4169.0,0.67
2021-01-31,Colorado,569234.0,813400.0,440576.0,2.17,9.88,125078.0,7.65,14.12,23878.0,19248.0,3342.0,0.7
2021-02-01,Colorado,589787.0,813400.0,455422.0,2.27,10.24,130738.0,7.91,14.12,20553.0,20272.0,3520.0,0.725
2021-02-02,Colorado,601347.0,871875.0,464938.0,2.31,10.44,132752.0,8.07,15.14,11560.0,20514.0,3562.0,0.69
2021-02-03,Colorado,617125.0,940800.0,472820.0,2.44,10.72,140610.0,8.21,16.34,15778.0,20371.0,3537.0,0.6559999999999999
2021-02-04,Colorado,638923.0,983225.0,485332.0,2.6,11.09,149829.0,8.43,17.07,21798.0,20460.0,3553.0,0.65
2021-02-05,Colorado,661703.0,989075.0,495381.0,2.82,11.49,162511.0,8.6,17.18,22780.0,19975.0,3469.0,0.669
2021-02-06,Colorado,694860.0,991075.0,512024.0,3.11,12.07,178975.0,8.89,17.21,33157.0,21358.0,3709.0,0.701
2021-02-07,Colorado,729895.0,991075.0,528379.0,3.43,12.67,197523.0,9.18,17.21,35035.0,22952.0,3986.0,0.736
2021-02-08,Colorado,751960.0,991075.0,539961.0,3.61,13.06,207951.0,9.38,17.21,22065.0,23168.0,4023.0,0.759
2021-02-09,Colorado,757560.0,1045000.0,542165.0,3.67,13.15,211328.0,9.41,18.15,5600.0,22316.0,3875.0,0.725
2021-02-10,Colorado,787041.0,1110575.0,557204.0,3.92,13.67,225626.0,9.68,19.29,29481.0,24274.0,4215.0,0.7090000000000001
2021-02-11,Colorado,815108.0,1162775.0,570979.0,4.16,14.15,239804.0,9.92,20.19,28067.0,25169.0,4371.0,0.701
2021-02-12,Colorado,844620.0,1204800.0,586187.0,4.41,14.67,254037.0,10.18,20.92,29512.0,26131.0,4538.0,0.701
2021-02-13,Colorado,885581.0,1210475.0,609445.0,4.72,15.38,271661.0,10.58,21.02,40961.0,27246.0,4731.0,0.732
2021-02-14,Colorado,926807.0,1210475.0,631243.0,5.05,16.09,290991.0,10.96,21.02,41226.0,28130.0,4885.0,0.7659999999999999
2021-02-15,Colorado,,,,,,,,,36895.0,30249.0,5253.0,
2021-02-16,Colorado,1000597.0,1224575.0,686889.0,5.37,17.38,308992.0,11.93,21.26,36895.0,34720.0,6029.0,0.8170000000000001
2021-02-17,Colorado,1024167.0,1230425.0,704742.0,5.46,17.78,314557.0,12.24,21.37,23570.0,33875.0,5882.0,0.8320000000000001
2021-02-18,Colorado,1053041.0,1282300.0,724699.0,5.6,18.29,322769.0,12.58,22.27,28874.0,33990.0,5902.0,0.821
2021-02-19,Colorado,1132448.0,1332775.0,780757.0,6.0,19.66,345623.0,13.56,23.14,79407.0,41118.0,7140.0,0.85
2021-02-20,Colorado,1167895.0,1348800.0,800799.0,6.26,20.28,360392.0,13.91,23.42,35447.0,40331.0,7003.0,0.866
2021-02-21,Colorado,1202161.0,1348800.0,817009.0,6.57,20.88,378242.0,14.19,23.42,34266.0,39336.0,6831.0,0.8909999999999999
2021-02-22,Colorado,1231699.0,1348800.0,831826.0,6.82,21.39,392925.0,14.44,23.42,29538.0,38285.0,6648.0,0.9129999999999999
2021-02-23,Colorado,1233466.0,1417245.0,832798.0,6.84,21.42,393719.0,14.46,24.61,1767.0,33267.0,5777.0,0.87
2021-02-24,Colorado,1268302.0,1512970.0,847375.0,7.19,22.02,413803.0,14.71,26.27,34836.0,34876.0,6056.0,0.838
2021-02-25,Colorado,1294236.0,1597960.0,860120.0,7.41,22.47,426938.0,14.94,27.75,25934.0,34456.0,5983.0,0.81
2021-02-26,Colorado,1323183.0,1658660.0,876277.0,7.63,22.98,439634.0,15.22,28.8,28947.0,27248.0,4732.0,0.7979999999999999
2021-02-27,Colorado,1324715.0,1700660.0,876943.0,7.65,23.0,440500.0,15.23,29.53,1532.0,22403.0,3890.0,0.779
2021-02-28,Colorado,1371577.0,1700660.0,901520.0,8.03,23.82,462155.0,15.65,29.53,46862.0,24202.0,4203.0,0.8059999999999999
2021-03-01,Colorado,1412910.0,1700660.0,925066.0,8.33,24.54,479662.0,16.06,29.53,41333.0,25887.0,4495.0,0.831
2021-03-02,Colorado,1428854.0,1747350.0,935733.0,8.42,24.81,484907.0,16.25,30.34,15944.0,27913.0,4847.0,0.818
2021-03-03,Colorado,1462053.0,1847780.0,954209.0,8.67,25.39,499066.0,16.57,32.09,33199.0,27679.0,4806.0,0.7909999999999999
2021-03-04,Colorado,1494910.0,1933440.0,972301.0,8.91,25.96,513187.0,16.88,33.57,32857.0,28668.0,4978.0,0.773
2021-03-05,Colorado,1528864.0,2008930.0,992266.0,9.14,26.55,526306.0,17.23,34.88,33954.0,29383.0,5102.0,0.7609999999999999
2021-03-06,Colorado,1580162.0,2019460.0,1019833.0,9.54,27.44,549267.0,17.71,35.07,51298.0,36492.0,6337.0,0.782
2021-03-07,Colorado,1626499.0,2019460.0,1047214.0,9.86,28.24,567689.0,18.18,35.07,46337.0,36417.0,6324.0,0.805
2021-03-08,Colorado,1627458.0,2019460.0,1047703.0,9.93,28.26,571975.0,18.19,35.07,959.0,30650.0,5322.0,0.8059999999999999
2021-03-09,Colorado,1650716.0,2119340.0,1061907.0,10.16,28.66,584872.0,18.44,36.8,23258.0,31695.0,5504.0,0.779
2021-03-10,Colorado,1694476.0,2213800.0,1089653.0,10.58,29.42,609417.0,18.92,38.44,43760.0,33203.0,5766.0,0.765
2021-03-11,Colorado,1764066.0,2298570.0,1133732.0,11.12,30.63,640244.0,19.69,39.91,69590.0,38451.0,6677.0,0.767
