date,location,total_vaccinations,total_distributed,people_vaccinated,people_fully_vaccinated_per_hundred,total_vaccinations_per_hundred,people_fully_vaccinated,people_vaccinated_per_hundred,distributed_per_hundred,daily_vaccinations_raw,daily_vaccinations,daily_vaccinations_per_million,share_doses_used
2021-01-12,Connecticut,151395.0,250775.0,56350.0,0.12,4.25,4174.0,1.58,7.03,,,,0.604
2021-01-13,Connecticut,161875.0,315025.0,58920.0,0.15,4.54,5268.0,1.65,8.84,10480.0,10480.0,2939.0,0.514
2021-01-14,Connecticut,171897.0,328675.0,156366.0,,4.82,,4.39,9.22,10022.0,10251.0,2875.0,0.523
2021-01-15,Connecticut,185866.0,328775.0,166722.0,0.48,5.21,17162.0,4.68,9.22,13969.0,11490.0,3223.0,0.565
2021-01-16,Connecticut,,,,,,,,,10914.5,11346.0,3182.0,
2021-01-17,Connecticut,,,,,,,,,10914.5,11260.0,3158.0,
2021-01-18,Connecticut,,,,,,,,,10914.5,11202.0,3142.0,
2021-01-19,Connecticut,229524.0,328775.0,201664.0,0.65,6.44,23150.0,5.66,9.22,10914.5,11161.0,3130.0,0.698
2021-01-20,Connecticut,243140.0,430375.0,213145.0,0.7,6.82,25018.0,5.98,12.07,13616.0,11609.0,3256.0,0.565
2021-01-21,Connecticut,264707.0,435075.0,230913.0,0.8,7.42,28602.0,6.48,12.2,21567.0,13259.0,3719.0,0.608
2021-01-22,Connecticut,287440.0,477250.0,248753.0,0.93,8.06,33149.0,6.98,13.39,22733.0,14511.0,4070.0,0.602
2021-01-23,Connecticut,306796.0,492850.0,264042.0,1.04,8.61,37098.0,7.41,13.82,19356.0,15716.0,4408.0,0.622
2021-01-24,Connecticut,321737.0,492850.0,275126.0,1.14,9.02,40506.0,7.72,13.82,14941.0,16292.0,4570.0,0.653
2021-01-25,Connecticut,331264.0,492850.0,282674.0,1.19,9.29,42421.0,7.93,13.82,9527.0,16094.0,4514.0,0.672
2021-01-26,Connecticut,342643.0,515675.0,291257.0,1.27,9.61,45190.0,8.17,14.46,11379.0,16160.0,4533.0,0.664
2021-01-27,Connecticut,360991.0,543975.0,302710.0,1.46,10.13,51939.0,8.49,15.26,18348.0,16836.0,4722.0,0.664
2021-01-28,Connecticut,381160.0,571775.0,315317.0,1.67,10.69,59437.0,8.84,16.04,20169.0,16636.0,4666.0,0.667
2021-01-29,Connecticut,403370.0,577625.0,329149.0,1.9,11.31,67624.0,9.23,16.2,22210.0,16561.0,4645.0,0.698
2021-01-30,Connecticut,421191.0,578600.0,340886.0,2.07,11.81,73706.0,9.56,16.23,17821.0,16342.0,4584.0,0.728
2021-01-31,Connecticut,436842.0,578600.0,349879.0,2.23,12.25,79511.0,9.81,16.23,15651.0,16444.0,4612.0,0.755
2021-02-01,Connecticut,449253.0,578600.0,357588.0,2.35,12.6,83855.0,10.03,16.23,12411.0,16856.0,4728.0,0.7759999999999999
2021-02-02,Connecticut,456090.0,574650.0,361495.0,2.43,12.79,86602.0,10.14,16.12,6837.0,16207.0,4546.0,0.794
2021-02-03,Connecticut,465008.0,608600.0,365975.0,2.54,13.04,90574.0,10.26,17.07,8918.0,14860.0,4168.0,0.764
2021-02-04,Connecticut,481826.0,666175.0,375795.0,2.74,13.51,97568.0,10.54,18.69,16818.0,14381.0,4034.0,0.723
2021-02-05,Connecticut,502347.0,668125.0,387627.0,2.98,14.09,106224.0,10.87,18.74,20521.0,14140.0,3966.0,0.752
2021-02-06,Connecticut,519400.0,740300.0,395554.0,3.24,14.57,115349.0,11.09,20.76,17053.0,14030.0,3935.0,0.7020000000000001
2021-02-07,Connecticut,533941.0,740300.0,402227.0,3.46,14.98,123198.0,11.28,20.76,14541.0,13871.0,3891.0,0.721
2021-02-08,Connecticut,542414.0,740300.0,406697.0,3.57,15.21,127194.0,11.41,20.76,8473.0,13309.0,3733.0,0.733
2021-02-09,Connecticut,554322.0,800225.0,412601.0,3.74,15.55,133196.0,11.57,22.44,11908.0,14033.0,3936.0,0.693
2021-02-10,Connecticut,574750.0,801325.0,423296.0,4.01,16.12,142918.0,11.87,22.48,20428.0,15677.0,4397.0,0.7170000000000001
2021-02-11,Connecticut,600249.0,812325.0,437058.0,4.34,16.84,154639.0,12.26,22.78,25499.0,16918.0,4745.0,0.7390000000000001
2021-02-12,Connecticut,626678.0,814525.0,450204.0,4.71,17.58,167894.0,12.63,22.85,26429.0,17762.0,4982.0,0.769
2021-02-13,Connecticut,654766.0,847200.0,462710.0,5.14,18.37,183146.0,12.98,23.76,28088.0,19338.0,5424.0,0.773
2021-02-14,Connecticut,674704.0,854725.0,473106.0,5.38,18.92,191978.0,13.27,23.97,19938.0,20109.0,5640.0,0.789
2021-02-15,Connecticut,,,,,,,,,18219.0,21501.0,6031.0,
2021-02-16,Connecticut,711142.0,914075.0,494373.0,5.8,19.95,206920.0,13.87,25.64,18219.0,22403.0,6284.0,0.778
2021-02-17,Connecticut,738191.0,916075.0,509165.0,6.14,20.7,218777.0,14.28,25.69,27049.0,23349.0,6549.0,0.8059999999999999
2021-02-18,Connecticut,767183.0,922075.0,525133.0,6.5,21.52,231795.0,14.73,25.86,28992.0,23848.0,6689.0,0.8320000000000001
2021-02-19,Connecticut,822615.0,958925.0,558539.0,7.12,23.07,253770.0,15.67,26.9,55432.0,27991.0,7851.0,0.858
2021-02-20,Connecticut,847820.0,984275.0,572145.0,7.44,23.78,265343.0,16.05,27.61,25205.0,27579.0,7735.0,0.861
2021-02-21,Connecticut,860534.0,984275.0,579380.0,7.6,24.14,270792.0,16.25,27.61,12714.0,26547.0,7446.0,0.8740000000000001
2021-02-22,Connecticut,882777.0,984275.0,595390.0,7.77,24.76,277009.0,16.7,27.61,22243.0,27122.0,7607.0,0.897
2021-02-23,Connecticut,892882.0,1025755.0,602697.0,7.85,25.04,279804.0,16.9,28.77,10105.0,25963.0,7282.0,0.87
2021-02-24,Connecticut,912033.0,1099225.0,618330.0,7.94,25.58,283211.0,17.34,30.83,19151.0,24835.0,6966.0,0.83
2021-02-25,Connecticut,925946.0,1113035.0,629625.0,8.02,25.97,285804.0,17.66,31.22,13913.0,22680.0,6361.0,0.8320000000000001
2021-02-26,Connecticut,954153.0,1190995.0,652910.0,8.15,26.76,290698.0,18.31,33.41,28207.0,18791.0,5271.0,0.8009999999999999
2021-02-27,Connecticut,980211.0,1198495.0,674181.0,8.29,27.49,295458.0,18.91,33.62,26058.0,18913.0,5305.0,0.818
2021-02-28,Connecticut,1004467.0,1198495.0,693595.0,8.42,28.17,300264.0,19.45,33.62,24256.0,20562.0,5767.0,0.838
2021-03-01,Connecticut,1031305.0,1198495.0,715456.0,8.56,28.93,305226.0,20.07,33.62,26838.0,21218.0,5951.0,0.861
2021-03-02,Connecticut,1040154.0,1281935.0,722628.0,8.61,29.17,306894.0,20.27,35.96,8849.0,21039.0,5901.0,0.8109999999999999
2021-03-03,Connecticut,1061375.0,1309225.0,740054.0,8.71,29.77,310667.0,20.76,36.72,21221.0,21335.0,5984.0,0.8109999999999999
2021-03-04,Connecticut,1087313.0,1345595.0,763026.0,8.8,30.5,313603.0,21.4,37.74,25938.0,23052.0,6466.0,0.8079999999999999
2021-03-05,Connecticut,1121517.0,1421045.0,793790.0,8.89,31.46,316991.0,22.26,39.86,34204.0,23909.0,6706.0,0.789
2021-03-06,Connecticut,1157114.0,1434565.0,826089.0,8.98,32.46,320257.0,23.17,40.24,35597.0,25272.0,7088.0,0.807
2021-03-07,Connecticut,1195617.0,1434565.0,860174.0,9.1,33.53,324448.0,24.13,40.24,38503.0,27307.0,7659.0,0.833
2021-03-08,Connecticut,1228865.0,1434565.0,883688.0,9.56,34.47,340912.0,24.79,40.24,33248.0,28223.0,7916.0,0.857
2021-03-09,Connecticut,1245687.0,1525915.0,897576.0,9.69,34.94,345611.0,25.18,42.8,16822.0,29362.0,8236.0,0.816
2021-03-10,Connecticut,1272581.0,1558445.0,920595.0,9.94,35.69,354352.0,25.82,43.71,26894.0,30172.0,8463.0,0.8170000000000001
2021-03-11,Connecticut,1304302.0,1604885.0,948575.0,10.17,36.58,362671.0,26.61,45.01,31721.0,30998.0,8694.0,0.813
