date,location,total_vaccinations,total_distributed,people_vaccinated,people_fully_vaccinated_per_hundred,total_vaccinations_per_hundred,people_fully_vaccinated,people_vaccinated_per_hundred,distributed_per_hundred,daily_vaccinations_raw,daily_vaccinations,daily_vaccinations_per_million,share_doses_used
2021-01-12,District of Columbia,29812.0,62725.0,,,4.22,,,8.89,,,,0.475
2021-01-13,District of Columbia,33049.0,68325.0,1957.0,0.18,4.68,1275.0,0.28,9.68,3237.0,3237.0,4587.0,0.484
2021-01-14,District of Columbia,36679.0,68325.0,29927.0,,5.2,,4.24,9.68,3630.0,3434.0,4866.0,0.537
2021-01-15,District of Columbia,39934.0,68325.0,31667.0,1.17,5.66,8250.0,4.49,9.68,3255.0,3374.0,4781.0,0.584
2021-01-16,District of Columbia,,,,,,,,,2513.5,3159.0,4476.0,
2021-01-17,District of Columbia,,,,,,,,,2513.5,3030.0,4293.0,
2021-01-18,District of Columbia,,,,,,,,,2513.5,2944.0,4171.0,
2021-01-19,District of Columbia,49988.0,68325.0,39747.0,1.44,7.08,10196.0,5.63,9.68,2513.5,2882.0,4084.0,0.732
2021-01-20,District of Columbia,51733.0,75175.0,41135.0,1.5,7.33,10553.0,5.83,10.65,1745.0,2669.0,3782.0,0.688
2021-01-21,District of Columbia,55108.0,75175.0,43377.0,1.66,7.81,11685.0,6.15,10.65,3375.0,2633.0,3731.0,0.733
2021-01-22,District of Columbia,56864.0,90225.0,44773.0,1.71,8.06,12045.0,6.34,12.78,1756.0,2419.0,3428.0,0.63
2021-01-23,District of Columbia,59793.0,91025.0,47088.0,1.79,8.47,12649.0,6.67,12.9,2929.0,2478.0,3511.0,0.657
2021-01-24,District of Columbia,62391.0,91025.0,49292.0,1.85,8.84,13043.0,6.98,12.9,2598.0,2490.0,3528.0,0.685
2021-01-25,District of Columbia,64194.0,91025.0,50902.0,1.88,9.1,13236.0,7.21,12.9,1803.0,2388.0,3384.0,0.705
2021-01-26,District of Columbia,64748.0,97600.0,51399.0,1.88,9.17,13293.0,7.28,13.83,554.0,2109.0,2988.0,0.6629999999999999
2021-01-27,District of Columbia,68086.0,107575.0,53590.0,2.05,9.65,14434.0,7.59,15.24,3338.0,2336.0,3310.0,0.633
2021-01-28,District of Columbia,70839.0,144425.0,55599.0,2.15,10.04,15177.0,7.88,20.46,2753.0,2247.0,3184.0,0.49
2021-01-29,District of Columbia,73328.0,148325.0,57152.0,2.28,10.39,16112.0,8.1,21.02,2489.0,2352.0,3333.0,0.494
2021-01-30,District of Columbia,76672.0,148525.0,59570.0,2.41,10.86,17029.0,8.44,21.05,3344.0,2411.0,3416.0,0.516
2021-01-31,District of Columbia,80526.0,148525.0,61737.0,2.65,11.41,18710.0,8.75,21.05,3854.0,2591.0,3671.0,0.542
2021-02-01,District of Columbia,82519.0,148525.0,63208.0,2.72,11.69,19217.0,8.96,21.05,1993.0,2618.0,3710.0,0.556
2021-02-02,District of Columbia,83553.0,147125.0,64241.0,2.72,11.84,19218.0,9.1,20.85,1034.0,2686.0,3806.0,0.568
2021-02-03,District of Columbia,85065.0,159925.0,65207.0,2.8,12.05,19753.0,9.24,22.66,1512.0,2426.0,3437.0,0.532
2021-02-04,District of Columbia,94095.0,164900.0,66645.0,3.02,13.33,21313.0,9.44,23.37,9030.0,3322.0,4707.0,0.5710000000000001
2021-02-05,District of Columbia,98862.0,166950.0,69999.0,3.22,14.01,22719.0,9.92,23.66,4767.0,3648.0,5169.0,0.5920000000000001
2021-02-06,District of Columbia,102031.0,166950.0,71810.0,3.41,14.46,24069.0,10.18,23.66,3169.0,3623.0,5134.0,0.611
2021-02-07,District of Columbia,105819.0,166950.0,73505.0,3.71,14.99,26151.0,10.42,23.66,3788.0,3613.0,5119.0,0.634
2021-02-08,District of Columbia,108475.0,166950.0,75351.0,3.82,15.37,26957.0,10.68,23.66,2656.0,3708.0,5254.0,0.65
2021-02-09,District of Columbia,108475.0,166950.0,75351.0,3.82,15.37,26957.0,10.68,23.66,0.0,3560.0,5044.0,0.65
2021-02-10,District of Columbia,108475.0,179725.0,75351.0,3.82,15.37,26957.0,10.68,25.47,0.0,3344.0,4738.0,0.604
2021-02-11,District of Columbia,111720.0,193600.0,79776.0,4.5,15.83,31786.0,11.3,27.43,3245.0,2518.0,3568.0,0.5770000000000001
2021-02-12,District of Columbia,114110.0,193800.0,80772.0,4.7,16.17,33167.0,11.44,27.46,2390.0,2178.0,3086.0,0.589
2021-02-13,District of Columbia,116261.0,193900.0,81699.0,4.87,16.47,34388.0,11.58,27.47,2151.0,2033.0,2881.0,0.6
2021-02-14,District of Columbia,121313.0,193900.0,84740.0,5.16,17.19,36388.0,12.01,27.47,5052.0,2213.0,3136.0,0.626
2021-02-15,District of Columbia,,,,,,,,,2593.5,2204.0,3123.0,
2021-02-16,District of Columbia,126500.0,193900.0,87243.0,5.53,17.92,39060.0,12.36,27.47,2593.5,2575.0,3649.0,0.652
2021-02-17,District of Columbia,128460.0,193900.0,88287.0,5.66,18.2,39973.0,12.51,27.47,1960.0,2855.0,4045.0,0.6629999999999999
2021-02-18,District of Columbia,130437.0,193900.0,88924.0,5.85,18.48,41311.0,12.6,27.47,1977.0,2674.0,3789.0,0.6729999999999999
2021-02-19,District of Columbia,157111.0,225125.0,106692.0,7.11,22.26,50145.0,15.12,31.9,26674.0,6143.0,8704.0,0.698
2021-02-20,District of Columbia,159640.0,225125.0,107751.0,7.31,22.62,51565.0,15.27,31.9,2529.0,6197.0,8781.0,0.7090000000000001
2021-02-21,District of Columbia,162674.0,225125.0,109045.0,7.54,23.05,53244.0,15.45,31.9,3034.0,5909.0,8373.0,0.723
2021-02-22,District of Columbia,164207.0,225125.0,109636.0,7.68,23.27,54187.0,15.53,31.9,1533.0,5757.0,8157.0,0.7290000000000001
2021-02-23,District of Columbia,166724.0,249315.0,110923.0,7.85,23.62,55413.0,15.72,35.33,2517.0,5746.0,8142.0,0.669
2021-02-24,District of Columbia,170343.0,269005.0,113188.0,8.04,24.14,56711.0,16.04,38.12,3619.0,5983.0,8478.0,0.633
2021-02-25,District of Columbia,173030.0,272005.0,114383.0,8.25,24.52,58201.0,16.21,38.54,2687.0,6085.0,8622.0,0.636
2021-02-26,District of Columbia,176044.0,280955.0,116035.0,8.44,24.94,59551.0,16.44,39.81,3014.0,2705.0,3833.0,0.627
2021-02-27,District of Columbia,184748.0,284655.0,120539.0,9.03,26.18,63706.0,17.08,40.33,8704.0,3587.0,5083.0,0.649
2021-02-28,District of Columbia,194746.0,284655.0,127752.0,9.42,27.59,66481.0,18.1,40.33,9998.0,4582.0,6492.0,0.684
2021-03-01,District of Columbia,198047.0,284655.0,129157.0,9.69,28.06,68370.0,18.3,40.33,3301.0,4834.0,6849.0,0.696
2021-03-02,District of Columbia,199212.0,296805.0,129734.0,9.77,28.23,68955.0,18.38,42.06,1165.0,4641.0,6576.0,0.6709999999999999
2021-03-03,District of Columbia,202090.0,310065.0,131466.0,9.93,28.63,70091.0,18.63,43.93,2878.0,4535.0,6426.0,0.652
2021-03-04,District of Columbia,207421.0,324505.0,135292.0,10.14,29.39,71591.0,19.17,45.98,5331.0,4913.0,6961.0,0.639
2021-03-05,District of Columbia,211736.0,337095.0,137914.0,10.38,30.0,73279.0,19.54,47.76,4315.0,5099.0,7225.0,0.628
2021-03-06,District of Columbia,220634.0,337095.0,140976.0,11.21,31.26,79089.0,19.98,47.76,8898.0,5127.0,7265.0,0.655
2021-03-07,District of Columbia,225875.0,337095.0,144563.0,11.44,32.01,80744.0,20.48,47.76,5241.0,4447.0,6301.0,0.67
2021-03-08,District of Columbia,230110.0,337095.0,100571.0,7.33,32.61,51723.0,14.25,47.76,4235.0,4580.0,6490.0,0.6829999999999999
2021-03-09,District of Columbia,232666.0,355785.0,102392.0,7.48,32.97,52813.0,14.51,50.41,2556.0,4779.0,6772.0,0.654
2021-03-10,District of Columbia,238189.0,358485.0,105267.0,7.76,33.75,54738.0,14.92,50.79,5523.0,5157.0,7307.0,0.664
2021-03-11,District of Columbia,244060.0,373225.0,108700.0,8.0,34.58,56459.0,15.4,52.88,5871.0,5234.0,7416.0,0.654
