date,location,total_vaccinations,total_distributed,people_vaccinated,people_fully_vaccinated_per_hundred,total_vaccinations_per_hundred,people_fully_vaccinated,people_vaccinated_per_hundred,distributed_per_hundred,daily_vaccinations_raw,daily_vaccinations,daily_vaccinations_per_million,share_doses_used
2021-01-12,Federated States of Micronesia,424.0,9800.0,414.0,,0.41,,0.4,9.46,,,,0.043
2021-01-13,Federated States of Micronesia,565.0,9800.0,555.0,,0.55,,0.54,9.46,141.0,141.0,1360.0,0.057999999999999996
2021-01-14,Federated States of Micronesia,605.0,9800.0,604.0,,0.58,,0.58,9.46,40.0,90.0,868.0,0.062
2021-01-15,Federated States of Micronesia,694.0,9800.0,692.0,0.0,0.67,2.0,0.67,9.46,89.0,90.0,868.0,0.071
2021-01-16,Federated States of Micronesia,,,,,,,,,185.5,114.0,1100.0,
2021-01-17,Federated States of Micronesia,,,,,,,,,185.5,128.0,1235.0,
2021-01-18,Federated States of Micronesia,,,,,,,,,185.5,138.0,1331.0,
2021-01-19,Federated States of Micronesia,1436.0,9800.0,1434.0,0.0,1.39,2.0,1.38,9.46,185.5,145.0,1399.0,0.147
2021-01-20,Federated States of Micronesia,1756.0,9800.0,1753.0,0.0,1.69,3.0,1.69,9.46,320.0,170.0,1640.0,0.179
2021-01-21,Federated States of Micronesia,2087.0,9800.0,2084.0,0.0,2.01,3.0,2.01,9.46,331.0,212.0,2045.0,0.213
2021-01-22,Federated States of Micronesia,2514.0,9800.0,2511.0,0.0,2.43,3.0,2.42,9.46,427.0,260.0,2509.0,0.257
2021-01-23,Federated States of Micronesia,2752.0,13600.0,2749.0,0.0,2.66,3.0,2.65,13.12,238.0,268.0,2586.0,0.20199999999999999
2021-01-24,Federated States of Micronesia,2752.0,13600.0,2749.0,0.0,2.66,3.0,2.65,13.12,0.0,241.0,2325.0,0.20199999999999999
2021-01-25,Federated States of Micronesia,2758.0,19400.0,2755.0,0.0,2.66,3.0,2.66,18.72,6.0,215.0,2074.0,0.142
2021-01-26,Federated States of Micronesia,2977.0,19400.0,2973.0,0.0,2.87,4.0,2.87,18.72,219.0,220.0,2123.0,0.153
2021-01-27,Federated States of Micronesia,3241.0,19400.0,3210.0,0.0,3.13,4.0,3.1,18.72,264.0,212.0,2045.0,0.16699999999999998
2021-01-28,Federated States of Micronesia,3502.0,19400.0,3471.0,0.0,3.38,4.0,3.35,18.72,261.0,202.0,1949.0,0.18100000000000002
2021-01-29,Federated States of Micronesia,3965.0,19400.0,3933.0,0.0,3.83,5.0,3.79,18.72,463.0,207.0,1997.0,0.204
2021-01-30,Federated States of Micronesia,3965.0,19400.0,3933.0,0.0,3.83,5.0,3.79,18.72,0.0,173.0,1669.0,0.204
2021-01-31,Federated States of Micronesia,3965.0,19400.0,3933.0,0.0,3.83,5.0,3.79,18.72,0.0,173.0,1669.0,0.204
2021-02-01,Federated States of Micronesia,5110.0,19400.0,5068.0,0.01,4.93,15.0,4.89,18.72,1145.0,336.0,3242.0,0.263
2021-02-02,Federated States of Micronesia,5726.0,19400.0,5683.0,0.02,5.52,16.0,5.48,18.72,616.0,393.0,3792.0,0.295
2021-02-03,Federated States of Micronesia,6254.0,19400.0,6210.0,0.02,6.03,17.0,5.99,18.72,528.0,430.0,4149.0,0.322
2021-02-04,Federated States of Micronesia,6699.0,21900.0,6646.0,0.03,6.46,26.0,6.41,21.13,445.0,457.0,4409.0,0.306
2021-02-05,Federated States of Micronesia,7005.0,21900.0,6943.0,0.03,6.76,35.0,6.7,21.13,306.0,434.0,4187.0,0.32
2021-02-06,Federated States of Micronesia,7335.0,21900.0,7230.0,0.08,7.08,78.0,6.98,21.13,330.0,481.0,4641.0,0.335
2021-02-07,Federated States of Micronesia,7415.0,21900.0,7309.0,0.08,7.15,79.0,7.05,21.13,80.0,493.0,4757.0,0.33899999999999997
2021-02-08,Federated States of Micronesia,7449.0,21900.0,7310.0,0.11,7.19,112.0,7.05,21.13,34.0,334.0,3223.0,0.34
2021-02-09,Federated States of Micronesia,7725.0,30000.0,7550.0,0.14,7.45,148.0,7.28,28.95,276.0,286.0,2759.0,0.258
2021-02-10,Federated States of Micronesia,8017.0,30000.0,7744.0,0.24,7.74,246.0,7.47,28.95,292.0,252.0,2431.0,0.267
2021-02-11,Federated States of Micronesia,8365.0,30000.0,7991.0,0.33,8.07,346.0,7.71,28.95,348.0,238.0,2296.0,0.27899999999999997
2021-02-12,Federated States of Micronesia,8751.0,30000.0,8270.0,0.44,8.44,453.0,7.98,28.95,386.0,249.0,2402.0,0.292
2021-02-13,Federated States of Micronesia,9230.0,30000.0,8434.0,0.74,8.91,767.0,8.14,28.95,479.0,271.0,2615.0,0.308
2021-02-14,Federated States of Micronesia,9415.0,30000.0,8495.0,0.85,9.08,886.0,8.2,28.95,185.0,286.0,2759.0,0.314
2021-02-15,Federated States of Micronesia,,,,,,,,,282.5,321.0,3097.0,
2021-02-16,Federated States of Micronesia,9980.0,30000.0,8825.0,1.08,9.63,1121.0,8.51,28.95,282.5,322.0,3107.0,0.33299999999999996
2021-02-17,Federated States of Micronesia,10603.0,30000.0,9118.0,1.4,10.23,1449.0,8.8,28.95,623.0,369.0,3560.0,0.353
2021-02-18,Federated States of Micronesia,11119.0,30000.0,9321.0,1.7,10.73,1761.0,8.99,28.95,516.0,393.0,3792.0,0.371
2021-02-19,Federated States of Micronesia,11590.0,30000.0,9468.0,2.0,11.18,2070.0,9.14,28.95,471.0,406.0,3917.0,0.386
2021-02-20,Federated States of Micronesia,11590.0,30000.0,9468.0,2.0,11.18,2070.0,9.14,28.95,0.0,337.0,3252.0,0.386
2021-02-21,Federated States of Micronesia,12196.0,30000.0,9715.0,2.34,11.77,2425.0,9.37,28.95,606.0,397.0,3830.0,0.40700000000000003
2021-02-22,Federated States of Micronesia,12196.0,30000.0,9715.0,2.34,11.77,2425.0,9.37,28.95,0.0,357.0,3445.0,0.40700000000000003
2021-02-23,Federated States of Micronesia,12196.0,30000.0,9715.0,2.34,11.77,2425.0,9.37,28.95,0.0,317.0,3059.0,0.40700000000000003
2021-02-24,Federated States of Micronesia,12999.0,30000.0,10053.0,2.74,12.54,2844.0,9.7,28.95,803.0,342.0,3300.0,0.433
2021-02-25,Federated States of Micronesia,13320.0,30000.0,10200.0,2.91,12.85,3018.0,9.84,28.95,321.0,314.0,3030.0,0.444
2021-02-26,Federated States of Micronesia,13819.0,30000.0,10306.0,3.29,13.33,3411.0,9.94,28.95,499.0,318.0,3068.0,0.461
2021-02-27,Federated States of Micronesia,14317.0,30000.0,10489.0,3.6,13.81,3726.0,10.12,28.95,498.0,390.0,3763.0,0.47700000000000004
2021-02-28,Federated States of Micronesia,14715.0,30000.0,10509.0,3.96,14.2,4103.0,10.14,28.95,398.0,360.0,3473.0,0.49
2021-03-01,Federated States of Micronesia,15022.0,30000.0,10516.0,4.25,14.49,4403.0,10.15,28.95,307.0,404.0,3898.0,0.501
2021-03-02,Federated States of Micronesia,15705.0,30000.0,10679.0,4.75,15.15,4921.0,10.3,28.95,683.0,501.0,4834.0,0.524
2021-03-03,Federated States of Micronesia,16189.0,30000.0,10767.0,5.13,15.62,5317.0,10.39,28.95,484.0,456.0,4400.0,0.54
2021-03-04,Federated States of Micronesia,16578.0,34000.0,10815.0,5.46,16.0,5658.0,10.43,32.8,389.0,465.0,4487.0,0.488
2021-03-05,Federated States of Micronesia,17098.0,34000.0,11014.0,5.77,16.5,5979.0,10.63,32.8,520.0,468.0,4516.0,0.503
2021-03-06,Federated States of Micronesia,17624.0,34000.0,11175.0,6.12,17.0,6343.0,10.78,32.8,526.0,472.0,4554.0,0.518
2021-03-07,Federated States of Micronesia,17745.0,41900.0,11244.0,6.17,17.12,6394.0,10.85,40.43,121.0,433.0,4178.0,0.424
2021-03-08,Federated States of Micronesia,17745.0,41900.0,11361.0,6.2,17.12,6425.0,10.96,40.43,0.0,389.0,3753.0,0.424
2021-03-09,Federated States of Micronesia,18133.0,47400.0,11506.0,6.44,17.5,6670.0,11.1,45.73,388.0,347.0,3348.0,0.38299999999999995
2021-03-10,Federated States of Micronesia,18423.0,47400.0,11612.0,6.62,17.78,6857.0,11.2,45.73,290.0,319.0,3078.0,0.389
2021-03-11,Federated States of Micronesia,18689.0,47400.0,11713.0,6.77,18.03,7021.0,11.3,45.73,266.0,302.0,2914.0,0.39399999999999996
