date,location,total_vaccinations,total_distributed,people_vaccinated,people_fully_vaccinated_per_hundred,total_vaccinations_per_hundred,people_fully_vaccinated,people_vaccinated_per_hundred,distributed_per_hundred,daily_vaccinations_raw,daily_vaccinations,daily_vaccinations_per_million,share_doses_used
2021-01-12,Guam,3791.0,26500.0,401.0,,2.29,,0.24,15.99,,,,0.14300000000000002
2021-01-13,Guam,3791.0,34300.0,401.0,,2.29,,0.24,20.69,0.0,0.0,0.0,0.111
2021-01-14,Guam,3791.0,34300.0,3785.0,,2.29,,2.28,20.69,0.0,0.0,0.0,0.111
2021-01-15,Guam,3791.0,34300.0,3785.0,,2.29,,2.28,20.69,0.0,0.0,0.0,0.111
2021-01-16,Guam,,,,,,,,,0.0,0.0,0.0,
2021-01-17,Guam,,,,,,,,,0.0,0.0,0.0,
2021-01-18,Guam,,,,,,,,,0.0,0.0,0.0,
2021-01-19,Guam,3791.0,34300.0,3785.0,,2.29,,2.28,20.69,0.0,0.0,0.0,0.111
2021-01-20,Guam,3791.0,34300.0,3785.0,,2.29,,2.28,20.69,0.0,0.0,0.0,0.111
2021-01-21,Guam,3791.0,34300.0,3785.0,,2.29,,2.28,20.69,0.0,0.0,0.0,0.111
2021-01-22,Guam,3791.0,34300.0,3785.0,,2.29,,2.28,20.69,0.0,0.0,0.0,0.111
2021-01-23,Guam,3791.0,34300.0,3785.0,,2.29,,2.28,20.69,0.0,0.0,0.0,0.111
2021-01-24,Guam,3791.0,34300.0,3785.0,,2.29,,2.28,20.69,0.0,0.0,0.0,0.111
2021-01-25,Guam,3791.0,34300.0,3785.0,,2.29,,2.28,20.69,0.0,0.0,0.0,0.111
2021-01-26,Guam,17306.0,34300.0,13378.0,2.29,10.44,3803.0,8.07,20.69,13515.0,1931.0,11649.0,0.505
2021-01-27,Guam,18263.0,34300.0,14269.0,2.33,11.02,3869.0,8.61,20.69,957.0,2067.0,12469.0,0.532
2021-01-28,Guam,19520.0,34300.0,15405.0,2.39,11.78,3969.0,9.29,20.69,1257.0,2247.0,13555.0,0.569
2021-01-29,Guam,21254.0,34300.0,16747.0,2.63,12.82,4358.0,10.1,20.69,1734.0,2495.0,15051.0,0.62
2021-01-30,Guam,22454.0,34300.0,17784.0,2.71,13.55,4499.0,10.73,20.69,1200.0,2666.0,16083.0,0.655
2021-01-31,Guam,22454.0,34300.0,17784.0,2.71,13.55,4499.0,10.73,20.69,0.0,2666.0,16083.0,0.655
2021-02-01,Guam,23445.0,34300.0,18538.0,2.86,14.14,4736.0,11.18,20.69,991.0,2808.0,16939.0,0.684
2021-02-02,Guam,24810.0,43500.0,19700.0,2.98,14.97,4936.0,11.88,26.24,1365.0,1072.0,6467.0,0.57
2021-02-03,Guam,26068.0,43500.0,20785.0,3.08,15.73,5108.0,12.54,26.24,1258.0,1115.0,6726.0,0.599
2021-02-04,Guam,26068.0,51300.0,20785.0,3.08,15.73,5108.0,12.54,30.95,0.0,935.0,5640.0,0.508
2021-02-05,Guam,27369.0,51300.0,21871.0,3.21,16.51,5321.0,13.19,30.95,1301.0,874.0,5272.0,0.534
2021-02-06,Guam,28959.0,51300.0,23195.0,3.37,17.47,5581.0,13.99,30.95,1590.0,929.0,5604.0,0.565
2021-02-07,Guam,29572.0,51300.0,23564.0,3.51,17.84,5820.0,14.22,30.95,613.0,1017.0,6135.0,0.5760000000000001
2021-02-08,Guam,29719.0,51300.0,23693.0,3.52,17.93,5838.0,14.29,30.95,147.0,896.0,5405.0,0.579
2021-02-09,Guam,30923.0,51300.0,24420.0,3.78,18.65,6260.0,14.73,30.95,1204.0,873.0,5266.0,0.603
2021-02-10,Guam,32443.0,51300.0,25308.0,4.15,19.57,6873.0,15.27,30.95,1520.0,911.0,5496.0,0.632
2021-02-11,Guam,33993.0,51300.0,26019.0,4.65,20.51,7711.0,15.7,30.95,1550.0,1132.0,6829.0,0.6629999999999999
2021-02-12,Guam,35917.0,51300.0,26699.0,5.4,21.67,8955.0,16.11,30.95,1924.0,1221.0,7366.0,0.7
2021-02-13,Guam,37750.0,51300.0,27348.0,6.1,22.77,10117.0,16.5,30.95,1833.0,1256.0,7577.0,0.736
2021-02-14,Guam,38622.0,51300.0,27647.0,6.45,23.3,10688.0,16.68,30.95,872.0,1293.0,7800.0,0.753
2021-02-15,Guam,,,,,,,,,441.0,1335.0,8053.0,
2021-02-16,Guam,39504.0,51300.0,27946.0,6.8,23.83,11266.0,16.86,30.95,441.0,1226.0,7396.0,0.77
2021-02-17,Guam,41007.0,51300.0,28460.0,7.39,24.74,12251.0,17.17,30.95,1503.0,1223.0,7378.0,0.799
2021-02-18,Guam,42671.0,51300.0,29055.0,8.03,25.74,13311.0,17.53,30.95,1664.0,1240.0,7480.0,0.8320000000000001
2021-02-19,Guam,46897.0,51300.0,31432.0,9.14,28.29,15150.0,18.96,30.95,4226.0,1569.0,9465.0,0.914
2021-02-20,Guam,48387.0,51300.0,31950.0,9.71,29.19,16104.0,19.27,30.95,1490.0,1520.0,9169.0,0.943
2021-02-21,Guam,48479.0,51300.0,32024.0,9.73,29.25,16121.0,19.32,30.95,92.0,1408.0,8494.0,0.945
2021-02-22,Guam,49587.0,51300.0,32386.0,10.17,29.91,16865.0,19.54,30.95,1108.0,1503.0,9067.0,0.9670000000000001
2021-02-23,Guam,50500.0,51300.0,32809.0,10.46,30.46,17341.0,19.79,30.95,913.0,1571.0,9477.0,0.9840000000000001
2021-02-24,Guam,51514.0,51300.0,33193.0,10.84,31.08,17969.0,20.02,30.95,1014.0,1501.0,9055.0,1.004
2021-02-25,Guam,52661.0,51300.0,33687.0,11.23,31.77,18615.0,20.32,30.95,1147.0,1427.0,8608.0,1.0270000000000001
2021-02-26,Guam,52701.0,51300.0,33706.0,11.24,31.79,18635.0,20.33,30.95,40.0,829.0,5001.0,1.0270000000000001
2021-02-27,Guam,54244.0,51300.0,34215.0,11.79,32.72,19542.0,20.64,30.95,1543.0,837.0,5049.0,1.057
2021-02-28,Guam,55213.0,51300.0,34495.0,12.2,33.31,20227.0,20.81,30.95,969.0,962.0,5803.0,1.0759999999999998
2021-03-01,Guam,55255.0,51300.0,34497.0,12.23,33.33,20267.0,20.81,30.95,42.0,810.0,4886.0,1.077
2021-03-02,Guam,55402.0,65500.0,34540.0,12.29,33.42,20371.0,20.84,39.51,147.0,700.0,4223.0,0.846
2021-03-03,Guam,55435.0,86560.0,34560.0,12.3,33.44,20385.0,20.85,52.22,33.0,560.0,3378.0,0.64
2021-03-04,Guam,56131.0,86560.0,34950.0,12.48,33.86,20686.0,21.08,52.22,696.0,496.0,2992.0,0.648
2021-03-05,Guam,56407.0,86560.0,35083.0,12.56,34.03,20827.0,21.16,52.22,276.0,529.0,3191.0,0.652
2021-03-06,Guam,56477.0,87860.0,35126.0,12.58,34.07,20853.0,21.19,53.0,70.0,319.0,1924.0,0.643
2021-03-07,Guam,56484.0,87860.0,35133.0,12.58,34.07,20854.0,21.19,53.0,7.0,182.0,1098.0,0.643
2021-03-08,Guam,56587.0,87860.0,35161.0,12.62,34.14,20924.0,21.21,53.0,103.0,190.0,1146.0,0.644
2021-03-09,Guam,58396.0,87860.0,35680.0,13.39,35.23,22200.0,21.52,53.0,1809.0,428.0,2582.0,0.665
2021-03-10,Guam,60379.0,87860.0,36034.0,14.37,36.42,23824.0,21.74,53.0,1983.0,706.0,4259.0,0.687
2021-03-11,Guam,62062.0,87860.0,36283.0,15.24,37.44,25258.0,21.89,53.0,1683.0,847.0,5110.0,0.706
