date,location,total_vaccinations,total_distributed,people_vaccinated,people_fully_vaccinated_per_hundred,total_vaccinations_per_hundred,people_fully_vaccinated,people_vaccinated_per_hundred,distributed_per_hundred,daily_vaccinations_raw,daily_vaccinations,daily_vaccinations_per_million,share_doses_used
2021-01-12,Hawaii,33483.0,141750.0,,,2.36,,,10.01,,,,0.23600000000000002
2021-01-13,Hawaii,36605.0,154150.0,,,2.59,,,10.89,3122.0,3122.0,2205.0,0.237
2021-01-14,Hawaii,47985.0,154150.0,,,3.39,,,10.89,11380.0,7251.0,5121.0,0.311
2021-01-15,Hawaii,46958.0,154150.0,39690.0,0.51,3.32,7268.0,2.8,10.89,-1027.0,4492.0,3173.0,0.305
2021-01-16,Hawaii,,,,,,,,,4249.0,4431.0,3130.0,
2021-01-17,Hawaii,,,,,,,,,4249.0,4395.0,3104.0,
2021-01-18,Hawaii,,,,,,,,,4249.0,4370.0,3086.0,
2021-01-19,Hawaii,63954.0,154150.0,52635.0,0.8,4.52,11319.0,3.72,10.89,4249.0,4353.0,3074.0,0.415
2021-01-20,Hawaii,71944.0,154150.0,58111.0,0.98,5.08,13833.0,4.1,10.89,7990.0,5048.0,3565.0,0.467
2021-01-21,Hawaii,79414.0,189675.0,63282.0,1.14,5.61,16132.0,4.47,13.4,7470.0,4490.0,3171.0,0.419
2021-01-22,Hawaii,84793.0,191375.0,67991.0,1.19,5.99,16802.0,4.8,13.52,5379.0,5405.0,3817.0,0.44299999999999995
2021-01-23,Hawaii,84792.0,191575.0,67990.0,1.19,5.99,16802.0,4.8,13.53,-1.0,4798.0,3389.0,0.44299999999999995
2021-01-24,Hawaii,84792.0,191575.0,67990.0,1.19,5.99,16802.0,4.8,13.53,0.0,4191.0,2960.0,0.44299999999999995
2021-01-25,Hawaii,92092.0,191575.0,74296.0,1.26,6.5,17795.0,5.25,13.53,7300.0,4627.0,3268.0,0.48100000000000004
2021-01-26,Hawaii,93760.0,210425.0,75820.0,1.27,6.62,17939.0,5.36,14.86,1668.0,4258.0,3007.0,0.446
2021-01-27,Hawaii,97692.0,217425.0,79147.0,1.31,6.9,18544.0,5.59,15.36,3932.0,3678.0,2598.0,0.449
2021-01-28,Hawaii,103944.0,226700.0,84139.0,1.4,7.34,19804.0,5.94,16.01,6252.0,3504.0,2475.0,0.45899999999999996
2021-01-29,Hawaii,111165.0,226800.0,89428.0,1.54,7.85,21736.0,6.32,16.02,7221.0,3767.0,2661.0,0.49
2021-01-30,Hawaii,120502.0,227400.0,96743.0,1.68,8.51,23758.0,6.83,16.06,9337.0,5101.0,3603.0,0.53
2021-01-31,Hawaii,129267.0,227400.0,103398.0,1.83,9.13,25868.0,7.3,16.06,8765.0,6354.0,4488.0,0.568
2021-02-01,Hawaii,135836.0,227400.0,108745.0,1.91,9.59,27090.0,7.68,16.06,6569.0,6249.0,4414.0,0.597
2021-02-02,Hawaii,137914.0,246550.0,110757.0,1.92,9.74,27156.0,7.82,17.41,2078.0,6308.0,4455.0,0.5589999999999999
2021-02-03,Hawaii,143686.0,253150.0,115440.0,1.99,10.15,28245.0,8.15,17.88,5772.0,6571.0,4641.0,0.568
2021-02-04,Hawaii,151107.0,262900.0,120533.0,2.16,10.67,30573.0,8.51,18.57,7421.0,6738.0,4759.0,0.575
2021-02-05,Hawaii,169713.0,262900.0,126683.0,2.38,11.99,33726.0,8.95,18.57,18606.0,8364.0,5907.0,0.6459999999999999
2021-02-06,Hawaii,179059.0,263000.0,132701.0,2.62,12.65,37054.0,9.37,18.58,9346.0,8365.0,5908.0,0.6809999999999999
2021-02-07,Hawaii,187048.0,263000.0,137230.0,2.86,13.21,40514.0,9.69,18.58,7989.0,8254.0,5830.0,0.711
2021-02-08,Hawaii,194035.0,263000.0,142259.0,3.0,13.7,42472.0,10.05,18.58,6987.0,8314.0,5872.0,0.738
2021-02-09,Hawaii,194035.0,285950.0,142259.0,3.0,13.7,42472.0,10.05,20.2,0.0,8017.0,5662.0,0.679
2021-02-10,Hawaii,194035.0,296250.0,142259.0,3.0,13.7,42472.0,10.05,20.92,0.0,7193.0,5080.0,0.655
2021-02-11,Hawaii,200618.0,308300.0,150648.0,3.53,14.17,49969.0,10.64,21.77,6583.0,7073.0,4996.0,0.6509999999999999
2021-02-12,Hawaii,208807.0,310200.0,154828.0,3.81,14.75,53976.0,10.94,21.91,8189.0,5585.0,3945.0,0.6729999999999999
2021-02-13,Hawaii,217780.0,310400.0,159583.0,4.11,15.38,58194.0,11.27,21.92,8973.0,5532.0,3907.0,0.7020000000000001
2021-02-14,Hawaii,225188.0,310600.0,162945.0,4.4,15.9,62239.0,11.51,21.94,7408.0,5449.0,3849.0,0.725
2021-02-15,Hawaii,,,,,,,,,5992.0,5306.0,3748.0,
2021-02-16,Hawaii,237172.0,311200.0,168479.0,4.85,16.75,68688.0,11.9,21.98,5992.0,6162.0,4352.0,0.762
2021-02-17,Hawaii,240715.0,320950.0,170911.0,4.93,17.0,69799.0,12.07,22.67,3543.0,6669.0,4710.0,0.75
2021-02-18,Hawaii,247392.0,320950.0,174151.0,5.17,17.47,73236.0,12.3,22.67,6677.0,6682.0,4719.0,0.7709999999999999
2021-02-19,Hawaii,301369.0,397750.0,210213.0,6.42,21.29,90892.0,14.85,28.09,53977.0,13223.0,9339.0,0.758
2021-02-20,Hawaii,312730.0,397750.0,215488.0,6.85,22.09,96971.0,15.22,28.09,11361.0,13564.0,9580.0,0.7859999999999999
2021-02-21,Hawaii,322966.0,397750.0,219881.0,7.26,22.81,102818.0,15.53,28.09,10236.0,13968.0,9865.0,0.812
2021-02-22,Hawaii,331321.0,397750.0,223785.0,7.58,23.4,107267.0,15.81,28.09,8355.0,14306.0,10104.0,0.833
2021-02-23,Hawaii,333599.0,449460.0,224806.0,7.66,23.56,108525.0,15.88,31.74,2278.0,13775.0,9729.0,0.742
2021-02-24,Hawaii,339771.0,459350.0,227011.0,7.94,24.0,112487.0,16.03,32.44,6172.0,14151.0,9995.0,0.74
2021-02-25,Hawaii,348897.0,477450.0,231599.0,8.26,24.64,117019.0,16.36,33.72,9126.0,14501.0,10242.0,0.731
2021-02-26,Hawaii,359108.0,494020.0,236307.0,8.65,25.36,122521.0,16.69,34.89,10211.0,8248.0,5825.0,0.727
2021-02-27,Hawaii,370746.0,497760.0,241336.0,9.12,26.18,129131.0,17.05,35.16,11638.0,8288.0,5854.0,0.745
2021-02-28,Hawaii,382798.0,497760.0,246296.0,9.62,27.04,136218.0,17.4,35.16,12052.0,8547.0,6037.0,0.769
2021-03-01,Hawaii,389644.0,497760.0,248885.0,9.92,27.52,140469.0,17.58,35.16,6846.0,8332.0,5885.0,0.7829999999999999
2021-03-02,Hawaii,392771.0,536520.0,249631.0,10.09,27.74,142855.0,17.63,37.89,3127.0,8453.0,5970.0,0.732
2021-03-03,Hawaii,399195.0,557040.0,251867.0,10.39,28.19,147043.0,17.79,39.34,6424.0,8489.0,5996.0,0.7170000000000001
2021-03-04,Hawaii,411264.0,571340.0,257320.0,10.85,29.05,153655.0,18.17,40.35,12069.0,8910.0,6293.0,0.72
2021-03-05,Hawaii,421996.0,591220.0,262927.0,11.21,29.8,158777.0,18.57,41.76,10732.0,8984.0,6345.0,0.7140000000000001
2021-03-06,Hawaii,434343.0,598100.0,269414.0,11.63,30.68,164636.0,19.03,42.24,12347.0,9085.0,6417.0,0.726
2021-03-07,Hawaii,436036.0,598100.0,270037.0,11.7,30.8,165707.0,19.07,42.24,1693.0,7605.0,5371.0,0.7290000000000001
2021-03-08,Hawaii,452988.0,598100.0,280866.0,12.35,31.99,174927.0,19.84,42.24,16952.0,9049.0,6391.0,0.757
2021-03-09,Hawaii,464100.0,632120.0,287071.0,12.71,32.78,179965.0,20.28,44.65,11112.0,10190.0,7197.0,0.7340000000000001
2021-03-10,Hawaii,475859.0,647520.0,294934.0,13.04,33.61,184608.0,20.83,45.73,11759.0,10952.0,7735.0,0.735
2021-03-11,Hawaii,489283.0,667030.0,304606.0,13.33,34.56,188723.0,21.51,47.11,13424.0,11146.0,7872.0,0.7340000000000001
