date,location,total_vaccinations,total_distributed,people_vaccinated,people_fully_vaccinated_per_hundred,total_vaccinations_per_hundred,people_fully_vaccinated,people_vaccinated_per_hundred,distributed_per_hundred,daily_vaccinations_raw,daily_vaccinations,daily_vaccinations_per_million,share_doses_used
2021-01-12,Indiana,191844.0,540475.0,114781.0,0.35,2.85,23546.0,1.7,8.03,,,,0.355
2021-01-13,Indiana,211334.0,579050.0,125763.0,0.48,3.14,32040.0,1.87,8.6,19490.0,19490.0,2895.0,0.365
2021-01-14,Indiana,233488.0,630025.0,203889.0,,3.47,,3.03,9.36,22154.0,20822.0,3093.0,0.371
2021-01-15,Indiana,260310.0,642425.0,222599.0,0.56,3.87,37683.0,3.31,9.54,26822.0,22822.0,3390.0,0.405
2021-01-16,Indiana,,,,,,,,,18594.0,21765.0,3233.0,
2021-01-17,Indiana,,,,,,,,,18594.0,21131.0,3139.0,
2021-01-18,Indiana,,,,,,,,,18594.0,20708.0,3076.0,
2021-01-19,Indiana,334686.0,642425.0,283779.0,0.76,4.97,50862.0,4.22,9.54,18594.0,20406.0,3031.0,0.521
2021-01-20,Indiana,356385.0,741025.0,297720.0,0.87,5.29,58616.0,4.42,11.01,21699.0,20722.0,3078.0,0.48100000000000004
2021-01-21,Indiana,387137.0,816025.0,320266.0,0.99,5.75,66801.0,4.76,12.12,30752.0,21950.0,3260.0,0.474
2021-01-22,Indiana,414127.0,839925.0,340055.0,1.1,6.15,73986.0,5.05,12.48,26990.0,21974.0,3264.0,0.493
2021-01-23,Indiana,446029.0,841725.0,367944.0,1.16,6.63,77985.0,5.47,12.5,31902.0,23875.0,3546.0,0.53
2021-01-24,Indiana,446029.0,841725.0,367944.0,1.16,6.63,77985.0,5.47,12.5,0.0,21219.0,3152.0,0.53
2021-01-25,Indiana,491856.0,841725.0,408181.0,1.24,7.31,83554.0,6.06,12.5,45827.0,25109.0,3730.0,0.584
2021-01-26,Indiana,498824.0,900175.0,413982.0,1.26,7.41,84719.0,6.15,13.37,6968.0,23448.0,3483.0,0.5539999999999999
2021-01-27,Indiana,524180.0,920975.0,432791.0,1.36,7.79,91255.0,6.43,13.68,25356.0,23971.0,3561.0,0.569
2021-01-28,Indiana,552144.0,925300.0,454380.0,1.45,8.2,97614.0,6.75,13.74,27964.0,23572.0,3501.0,0.597
2021-01-29,Indiana,581322.0,929900.0,475928.0,1.56,8.63,105208.0,7.07,13.81,29178.0,23885.0,3548.0,0.625
2021-01-30,Indiana,607185.0,931500.0,495746.0,1.65,9.02,111233.0,7.36,13.84,25863.0,23022.0,3420.0,0.652
2021-01-31,Indiana,607185.0,931500.0,495746.0,1.65,9.02,111233.0,7.36,13.84,0.0,23022.0,3420.0,0.652
2021-02-01,Indiana,607185.0,931500.0,495746.0,1.65,9.02,111233.0,7.36,13.84,0.0,16476.0,2447.0,0.652
2021-02-02,Indiana,612289.0,1091375.0,499215.0,1.68,9.09,112864.0,7.42,16.21,5104.0,16209.0,2408.0,0.561
2021-02-03,Indiana,637745.0,1106550.0,517147.0,1.79,9.47,120352.0,7.68,16.44,25456.0,16224.0,2410.0,0.5760000000000001
2021-02-04,Indiana,671191.0,1116375.0,541269.0,1.93,9.97,129626.0,8.04,16.58,33446.0,17007.0,2526.0,0.601
2021-02-05,Indiana,710888.0,1117350.0,568118.0,2.12,10.56,142405.0,8.44,16.6,39697.0,18509.0,2749.0,0.636
2021-02-06,Indiana,749771.0,1118350.0,593266.0,2.32,11.14,156083.0,8.81,16.61,38883.0,20369.0,3026.0,0.67
2021-02-07,Indiana,749771.0,1118350.0,593266.0,2.32,11.14,156083.0,8.81,16.61,0.0,20369.0,3026.0,0.67
2021-02-08,Indiana,749771.0,1118350.0,593266.0,2.32,11.14,156083.0,8.81,16.61,0.0,20369.0,3026.0,0.67
2021-02-09,Indiana,761070.0,1206125.0,598731.0,2.4,11.3,161879.0,8.89,17.92,11299.0,21254.0,3157.0,0.631
2021-02-10,Indiana,795702.0,1291675.0,617918.0,2.63,11.82,177231.0,9.18,19.19,34632.0,22565.0,3352.0,0.616
2021-02-11,Indiana,832031.0,1351325.0,637068.0,2.89,12.36,194281.0,9.46,20.07,36329.0,22977.0,3413.0,0.616
2021-02-12,Indiana,873568.0,1360125.0,659495.0,3.17,12.98,213259.0,9.8,20.2,41537.0,23240.0,3452.0,0.642
2021-02-13,Indiana,1018783.0,1387975.0,749756.0,3.98,15.13,267774.0,11.14,20.62,145215.0,38430.0,5708.0,0.7340000000000001
2021-02-14,Indiana,1058874.0,1388375.0,770193.0,4.27,15.73,287278.0,11.44,20.62,40091.0,44158.0,6559.0,0.763
2021-02-15,Indiana,,,,,,,,,16444.0,46507.0,6908.0,
2021-02-16,Indiana,1091762.0,1445100.0,787050.0,4.5,16.22,303183.0,11.69,21.47,16444.0,47242.0,7017.0,0.755
2021-02-17,Indiana,1113413.0,1447050.0,797872.0,4.66,16.54,313895.0,11.85,21.49,21651.0,45387.0,6742.0,0.769
2021-02-18,Indiana,1125976.0,1452900.0,803800.0,4.76,16.73,320425.0,11.94,21.58,12563.0,41992.0,6237.0,0.775
2021-02-19,Indiana,1194094.0,1487400.0,841694.0,5.21,17.74,350440.0,12.5,22.09,68118.0,45789.0,6801.0,0.8029999999999999
2021-02-20,Indiana,1234416.0,1487400.0,859278.0,5.54,18.34,372868.0,12.76,22.09,40322.0,30805.0,4576.0,0.83
2021-02-21,Indiana,1269839.0,1487400.0,874152.0,5.84,18.86,393133.0,12.98,22.09,35423.0,30138.0,4477.0,0.8540000000000001
2021-02-22,Indiana,1292340.0,1487400.0,884201.0,6.02,19.2,405490.0,13.13,22.09,22501.0,31003.0,4605.0,0.8690000000000001
2021-02-23,Indiana,1298877.0,1704790.0,887936.0,6.06,19.29,408261.0,13.19,25.32,6537.0,29588.0,4395.0,0.762
2021-02-24,Indiana,1361053.0,1734580.0,911746.0,6.57,20.22,442264.0,13.54,25.77,62176.0,35377.0,5255.0,0.785
2021-02-25,Indiana,1459296.0,1810380.0,946248.0,7.39,21.68,497544.0,14.06,26.89,98243.0,47617.0,7073.0,0.8059999999999999
2021-02-26,Indiana,1505040.0,1832150.0,966033.0,7.77,22.36,523070.0,14.35,27.21,45744.0,44421.0,6598.0,0.821
2021-02-27,Indiana,1551945.0,1848620.0,987932.0,8.13,23.05,547659.0,14.67,27.46,46905.0,45361.0,6738.0,0.84
2021-02-28,Indiana,1590344.0,1848620.0,1005101.0,8.44,23.62,568495.0,14.93,27.46,38399.0,45786.0,6801.0,0.86
2021-03-01,Indiana,1615149.0,1848620.0,1016163.0,8.65,23.99,582101.0,15.09,27.46,24805.0,46116.0,6850.0,0.8740000000000001
2021-03-02,Indiana,1624577.0,2053030.0,1021414.0,8.71,24.13,586200.0,15.17,30.5,9428.0,46529.0,6911.0,0.7909999999999999
2021-03-03,Indiana,1657664.0,2083930.0,1035893.0,8.98,24.62,604449.0,15.39,30.95,33087.0,42373.0,6294.0,0.795
2021-03-04,Indiana,1697536.0,2132730.0,1053442.0,9.3,25.22,626414.0,15.65,31.68,39872.0,34034.0,5055.0,0.7959999999999999
2021-03-05,Indiana,1748623.0,2191530.0,1078960.0,9.68,25.97,651592.0,16.03,32.55,51087.0,34798.0,5169.0,0.7979999999999999
2021-03-06,Indiana,1800802.0,2206230.0,1106348.0,10.04,26.75,675987.0,16.43,32.77,52179.0,35551.0,5281.0,0.816
2021-03-07,Indiana,1844669.0,2206230.0,1129750.0,10.34,27.4,696137.0,16.78,32.77,43867.0,36332.0,5397.0,0.836
2021-03-08,Indiana,1879649.0,2206230.0,1152396.0,10.65,27.92,716718.0,17.12,32.77,34980.0,37786.0,5613.0,0.852
2021-03-09,Indiana,1892845.0,2443780.0,1161968.0,10.75,28.12,724015.0,17.26,36.3,13196.0,38324.0,5693.0,0.775
2021-03-10,Indiana,1934412.0,2473740.0,1186992.0,11.07,28.73,745011.0,17.63,36.74,41567.0,39535.0,5873.0,0.782
2021-03-11,Indiana,1979075.0,2516910.0,1212721.0,11.37,29.4,765301.0,18.01,37.39,44663.0,40220.0,5974.0,0.7859999999999999
