date,location,total_vaccinations,total_distributed,people_vaccinated,people_fully_vaccinated_per_hundred,total_vaccinations_per_hundred,people_fully_vaccinated,people_vaccinated_per_hundred,distributed_per_hundred,daily_vaccinations_raw,daily_vaccinations,daily_vaccinations_per_million,share_doses_used
2021-01-12,Indian Health Svc,68387.0,224425.0,16105.0,,,236.0,,,,,,0.305
2021-01-13,Indian Health Svc,74462.0,290900.0,17240.0,,,323.0,,,6075.0,6075.0,,0.256
2021-01-14,Indian Health Svc,81726.0,291800.0,69313.0,,,,,,7264.0,6670.0,,0.28
2021-01-15,Indian Health Svc,90245.0,292700.0,77309.0,,,12730.0,,,8519.0,7286.0,,0.308
2021-01-16,Indian Health Svc,,,,,,,,,3473.75,6333.0,,
2021-01-17,Indian Health Svc,,,,,,,,,3473.75,5761.0,,
2021-01-18,Indian Health Svc,,,,,,,,,3473.75,5380.0,,
2021-01-19,Indian Health Svc,104140.0,292700.0,90329.0,,,13348.0,,,3473.75,5108.0,,0.35600000000000004
2021-01-20,Indian Health Svc,108975.0,315325.0,93635.0,,,14874.0,,,4835.0,4930.0,,0.34600000000000003
2021-01-21,Indian Health Svc,117297.0,323600.0,99004.0,,,17778.0,,,8322.0,5082.0,,0.36200000000000004
2021-01-22,Indian Health Svc,123534.0,355475.0,103912.0,,,18985.0,,,6237.0,4756.0,,0.348
2021-01-23,Indian Health Svc,143678.0,357850.0,120761.0,,,21677.0,,,20144.0,7137.0,,0.402
2021-01-24,Indian Health Svc,153784.0,357850.0,128843.0,,,23643.0,,,10106.0,8084.0,,0.43
2021-01-25,Indian Health Svc,155529.0,357850.0,130085.0,,,24145.0,,,1745.0,7838.0,,0.435
2021-01-26,Indian Health Svc,158282.0,357950.0,131481.0,,,25502.0,,,2753.0,7735.0,,0.442
2021-01-27,Indian Health Svc,165764.0,386400.0,135456.0,,,28995.0,,,7482.0,8113.0,,0.429
2021-01-28,Indian Health Svc,180226.0,406525.0,144908.0,,,33645.0,,,14462.0,8990.0,,0.44299999999999995
2021-01-29,Indian Health Svc,191109.0,423400.0,152563.0,,,36548.0,,,10883.0,9654.0,,0.451
2021-01-30,Indian Health Svc,194962.0,423600.0,155066.0,,,37890.0,,,3853.0,7326.0,,0.46
2021-01-31,Indian Health Svc,209747.0,423600.0,165493.0,,,40602.0,,,14785.0,7995.0,,0.495
2021-02-01,Indian Health Svc,210664.0,423600.0,166090.0,,,40917.0,,,917.0,7876.0,,0.49700000000000005
2021-02-02,Indian Health Svc,214183.0,440900.0,168022.0,,,42503.0,,,3519.0,7986.0,,0.486
2021-02-03,Indian Health Svc,224095.0,461000.0,174664.0,,,45751.0,,,9912.0,8333.0,,0.486
2021-02-04,Indian Health Svc,238594.0,477275.0,182111.0,,,52748.0,,,14499.0,8338.0,,0.5
2021-02-05,Indian Health Svc,244323.0,492875.0,185622.0,,,54966.0,,,5729.0,7602.0,,0.496
2021-02-06,Indian Health Svc,276062.0,492875.0,204056.0,,,67885.0,,,31739.0,11586.0,,0.56
2021-02-07,Indian Health Svc,282039.0,492875.0,208409.0,,,69477.0,,,5977.0,10327.0,,0.5720000000000001
2021-02-08,Indian Health Svc,291338.0,492875.0,214822.0,,,72334.0,,,9299.0,11525.0,,0.591
2021-02-09,Indian Health Svc,297375.0,492875.0,219484.0,,,73708.0,,,6037.0,11885.0,,0.603
2021-02-10,Indian Health Svc,306717.0,662850.0,224869.0,,,77250.0,,,9342.0,11803.0,,0.46299999999999997
2021-02-11,Indian Health Svc,325336.0,679350.0,236970.0,,,83614.0,,,18619.0,12392.0,,0.479
2021-02-12,Indian Health Svc,346969.0,679950.0,251445.0,,,90005.0,,,21633.0,14664.0,,0.51
2021-02-13,Indian Health Svc,362802.0,691650.0,261997.0,,,95032.0,,,15833.0,12391.0,,0.525
2021-02-14,Indian Health Svc,378614.0,695550.0,273379.0,,,99411.0,,,15812.0,13796.0,,0.544
2021-02-15,Indian Health Svc,,,,,,,,,3335.0,12944.0,,
2021-02-16,Indian Health Svc,385284.0,697025.0,278647.0,,,100756.0,,,3335.0,12558.0,,0.5529999999999999
2021-02-17,Indian Health Svc,390833.0,697025.0,282359.0,5.04,19.22,102592.0,13.88,34.27,5549.0,12017.0,5909.0,0.561
2021-02-18,Indian Health Svc,401516.0,698000.0,289605.0,5.21,19.74,106026.0,14.24,34.32,10683.0,10883.0,5351.0,0.575
2021-02-19,Indian Health Svc,407039.0,704825.0,292789.0,5.2,19.54,108364.0,14.06,33.84,5523.0,8581.0,4120.0,0.578
2021-02-20,Indian Health Svc,412073.0,732905.0,295515.0,5.31,19.78,110670.0,14.19,35.19,5034.0,7039.0,3380.0,0.562
2021-02-21,Indian Health Svc,426034.0,732905.0,304986.0,5.53,20.45,115147.0,14.64,35.19,13961.0,6774.0,3252.0,0.581
2021-02-22,Indian Health Svc,441876.0,732905.0,314387.0,5.84,21.22,121574.0,15.09,35.19,15842.0,8561.0,4110.0,0.603
2021-02-23,Indian Health Svc,455371.0,748780.0,323323.0,6.06,21.86,126117.0,15.52,35.95,13495.0,10012.0,4807.0,0.608
2021-02-24,Indian Health Svc,468627.0,826090.0,331324.0,6.31,22.5,131359.0,15.91,39.66,13256.0,11113.0,5336.0,0.5670000000000001
2021-02-25,Indian Health Svc,488731.0,826090.0,342938.0,6.71,23.46,139832.0,16.47,39.66,20104.0,12459.0,5982.0,0.5920000000000001
2021-02-26,Indian Health Svc,516471.0,848190.0,358249.0,7.31,24.8,152234.0,17.2,40.72,27740.0,15633.0,7506.0,0.609
2021-02-27,Indian Health Svc,537180.0,868080.0,370073.0,7.73,25.79,161105.0,17.77,41.68,20709.0,17872.0,8581.0,0.619
2021-02-28,Indian Health Svc,553652.0,868080.0,380562.0,8.02,26.58,167073.0,18.27,41.68,16472.0,18231.0,8753.0,0.638
2021-03-01,Indian Health Svc,569259.0,868080.0,388629.0,8.38,27.33,174607.0,18.66,41.68,15607.0,18198.0,8737.0,0.6559999999999999
2021-03-02,Indian Health Svc,577710.0,868080.0,392515.0,8.6,27.74,179169.0,18.85,41.68,8451.0,17477.0,8391.0,0.6659999999999999
2021-03-03,Indian Health Svc,588253.0,948600.0,398016.0,8.84,28.24,184195.0,19.11,45.54,10543.0,17089.0,8205.0,0.62
2021-03-04,Indian Health Svc,603339.0,1102700.0,407135.0,9.13,28.97,190131.0,19.55,52.94,15086.0,16373.0,7861.0,0.547
2021-03-05,Indian Health Svc,620761.0,1123090.0,416618.0,9.51,29.8,198047.0,20.0,53.92,17422.0,14899.0,7153.0,0.5529999999999999
2021-03-06,Indian Health Svc,642492.0,1123090.0,427332.0,10.04,30.85,209045.0,20.52,53.92,21731.0,15045.0,7223.0,0.5720000000000001
2021-03-07,Indian Health Svc,655254.0,1123090.0,434800.0,10.29,31.46,214322.0,20.88,53.92,12762.0,14515.0,6969.0,0.583
2021-03-08,Indian Health Svc,665997.0,1123090.0,439930.0,10.57,31.98,220205.0,21.12,53.92,10743.0,13820.0,6635.0,0.593
2021-03-09,Indian Health Svc,669504.0,1126690.0,442180.0,10.63,32.14,221461.0,21.23,54.09,3507.0,13113.0,6296.0,0.594
2021-03-10,Indian Health Svc,684185.0,1185450.0,449268.0,11.0,32.85,229137.0,21.57,56.92,14681.0,13705.0,6580.0,0.5770000000000001
2021-03-11,Indian Health Svc,697130.0,1212425.0,457232.0,11.27,33.47,234678.0,21.95,58.21,12945.0,13399.0,6433.0,0.575
