date,location,total_vaccinations,total_distributed,people_vaccinated,people_fully_vaccinated_per_hundred,total_vaccinations_per_hundred,people_fully_vaccinated,people_vaccinated_per_hundred,distributed_per_hundred,daily_vaccinations_raw,daily_vaccinations,daily_vaccinations_per_million,share_doses_used
2021-01-12,Iowa,98691.0,208875.0,91969.0,0.19,3.13,6099.0,2.91,6.62,,,,0.47200000000000003
2021-01-13,Iowa,112093.0,264125.0,101859.0,0.3,3.55,9603.0,3.23,8.37,13402.0,13402.0,4248.0,0.424
2021-01-14,Iowa,112093.0,268025.0,100805.0,,3.55,,3.2,8.5,0.0,6701.0,2124.0,0.418
2021-01-15,Iowa,120983.0,269000.0,108056.0,0.34,3.83,10742.0,3.42,8.53,8890.0,7431.0,2355.0,0.45
2021-01-16,Iowa,,,,,,,,,5993.0,7071.0,2241.0,
2021-01-17,Iowa,,,,,,,,,5993.0,6856.0,2173.0,
2021-01-18,Iowa,,,,,,,,,5993.0,6712.0,2127.0,
2021-01-19,Iowa,144955.0,269000.0,130042.0,0.4,4.59,12629.0,4.12,8.53,5993.0,6609.0,2095.0,0.539
2021-01-20,Iowa,149850.0,291075.0,133528.0,0.44,4.75,13995.0,4.23,9.23,4895.0,5394.0,1710.0,0.515
2021-01-21,Iowa,158743.0,328600.0,139500.0,0.53,5.03,16860.0,4.42,10.41,8893.0,6664.0,2112.0,0.483
2021-01-22,Iowa,170607.0,338950.0,145642.0,0.71,5.41,22429.0,4.62,10.74,11864.0,7089.0,2247.0,0.503
2021-01-23,Iowa,180110.0,361475.0,151145.0,0.84,5.71,26426.0,4.79,11.46,9503.0,7591.0,2406.0,0.498
2021-01-24,Iowa,191183.0,361475.0,157635.0,0.98,6.06,30949.0,5.0,11.46,11073.0,8316.0,2636.0,0.529
2021-01-25,Iowa,196203.0,361475.0,161445.0,1.02,6.22,32149.0,5.12,11.46,5020.0,8177.0,2592.0,0.5429999999999999
2021-01-26,Iowa,197982.0,361575.0,162795.0,1.03,6.28,32547.0,5.16,11.46,1779.0,7575.0,2401.0,0.5479999999999999
2021-01-27,Iowa,204196.0,362875.0,165466.0,1.14,6.47,36067.0,5.24,11.5,6214.0,7764.0,2461.0,0.563
2021-01-28,Iowa,212497.0,391575.0,169341.0,1.28,6.74,40477.0,5.37,12.41,8301.0,7679.0,2434.0,0.5429999999999999
2021-01-29,Iowa,224347.0,398600.0,174655.0,1.48,7.11,46785.0,5.54,12.63,11850.0,7677.0,2433.0,0.563
2021-01-30,Iowa,237874.0,417900.0,182537.0,1.66,7.54,52324.0,5.79,13.25,13527.0,8252.0,2615.0,0.569
2021-01-31,Iowa,252202.0,417900.0,190689.0,1.85,7.99,58367.0,6.04,13.25,14328.0,8717.0,2763.0,0.603
2021-02-01,Iowa,257468.0,417900.0,194009.0,1.91,8.16,60259.0,6.15,13.25,5266.0,8752.0,2774.0,0.616
2021-02-02,Iowa,259522.0,415325.0,195234.0,1.94,8.23,61085.0,6.19,13.16,2054.0,8791.0,2786.0,0.625
2021-02-03,Iowa,266777.0,446825.0,199242.0,2.04,8.46,64234.0,6.31,14.16,7255.0,8940.0,2834.0,0.597
2021-02-04,Iowa,279252.0,471200.0,206516.0,2.2,8.85,69401.0,6.55,14.93,12475.0,9536.0,3022.0,0.593
2021-02-05,Iowa,293377.0,507850.0,215693.0,2.35,9.3,74252.0,6.84,16.1,14125.0,9861.0,3125.0,0.578
2021-02-06,Iowa,308527.0,510550.0,224437.0,2.56,9.78,80640.0,7.11,16.18,15150.0,10093.0,3199.0,0.604
2021-02-07,Iowa,328412.0,510550.0,237554.0,2.77,10.41,87373.0,7.53,16.18,19885.0,10887.0,3451.0,0.643
2021-02-08,Iowa,345350.0,510550.0,252349.0,2.84,10.95,89506.0,8.0,16.18,16938.0,12555.0,3979.0,0.6759999999999999
2021-02-09,Iowa,351803.0,510550.0,257459.0,2.87,11.15,90525.0,8.16,16.18,6453.0,13183.0,4178.0,0.6890000000000001
2021-02-10,Iowa,368759.0,540375.0,268974.0,3.03,11.69,95650.0,8.53,17.13,16956.0,14569.0,4618.0,0.682
2021-02-11,Iowa,387370.0,579200.0,282596.0,3.17,12.28,99986.0,8.96,18.36,18611.0,15445.0,4895.0,0.669
2021-02-12,Iowa,408578.0,590900.0,299032.0,3.32,12.95,104622.0,9.48,18.73,21208.0,16457.0,5216.0,0.691
2021-02-13,Iowa,432473.0,595775.0,317851.0,3.48,13.71,109660.0,10.07,18.88,23895.0,17707.0,5612.0,0.726
2021-02-14,Iowa,456512.0,597725.0,335771.0,3.66,14.47,115407.0,10.64,18.94,24039.0,18300.0,5800.0,0.764
2021-02-15,Iowa,,,,,,,,,14599.0,17966.0,5694.0,
2021-02-16,Iowa,485710.0,615100.0,360301.0,3.8,15.39,119865.0,11.42,19.5,14599.0,19130.0,6063.0,0.79
2021-02-17,Iowa,495487.0,619000.0,367577.0,3.88,15.7,122291.0,11.65,19.62,9777.0,18104.0,5738.0,0.8
2021-02-18,Iowa,507650.0,648600.0,377848.0,3.93,16.09,124111.0,11.98,20.56,12163.0,17183.0,5446.0,0.7829999999999999
2021-02-19,Iowa,552706.0,669900.0,411926.0,4.28,17.52,134995.0,13.06,21.23,45056.0,20590.0,6526.0,0.825
2021-02-20,Iowa,577374.0,707865.0,430429.0,4.47,18.3,141104.0,13.64,22.44,24668.0,20700.0,6561.0,0.816
2021-02-21,Iowa,599489.0,707865.0,445872.0,4.68,19.0,147615.0,14.13,22.44,22115.0,20425.0,6474.0,0.847
2021-02-22,Iowa,611188.0,707865.0,454792.0,4.77,19.37,150392.0,14.41,22.44,11699.0,20011.0,6342.0,0.863
2021-02-23,Iowa,614928.0,746475.0,457493.0,4.8,19.49,151431.0,14.5,23.66,3740.0,18460.0,5851.0,0.8240000000000001
2021-02-24,Iowa,621717.0,792615.0,462422.0,4.86,19.71,153214.0,14.66,25.12,6789.0,18033.0,5716.0,0.784
2021-02-25,Iowa,631160.0,837515.0,469234.0,4.93,20.0,155667.0,14.87,26.55,9443.0,17644.0,5592.0,0.754
2021-02-26,Iowa,654074.0,872345.0,487097.0,5.09,20.73,160663.0,15.44,27.65,22914.0,14481.0,4590.0,0.75
2021-02-27,Iowa,684596.0,901745.0,511624.0,5.28,21.7,166554.0,16.22,28.58,30522.0,15317.0,4855.0,0.759
2021-02-28,Iowa,713054.0,901745.0,530741.0,5.57,22.6,175777.0,16.82,28.58,28458.0,16224.0,5142.0,0.7909999999999999
2021-03-01,Iowa,734845.0,901745.0,543027.0,5.87,23.29,185255.0,17.21,28.58,21791.0,17665.0,5599.0,0.815
2021-03-02,Iowa,740713.0,940045.0,546916.0,5.93,23.48,187234.0,17.33,29.79,5868.0,17969.0,5695.0,0.7879999999999999
2021-03-03,Iowa,753860.0,983345.0,553471.0,6.14,23.89,193643.0,17.54,31.17,13147.0,18878.0,5983.0,0.767
2021-03-04,Iowa,773314.0,1020845.0,563586.0,6.43,24.51,202916.0,17.86,32.36,19454.0,20308.0,6437.0,0.758
2021-03-05,Iowa,801113.0,1068655.0,577894.0,6.86,25.39,216336.0,18.32,33.87,27799.0,21006.0,6658.0,0.75
2021-03-06,Iowa,861247.0,1106755.0,603457.0,7.94,27.3,250490.0,19.13,35.08,60134.0,25236.0,7999.0,0.778
2021-03-07,Iowa,906470.0,1106755.0,627499.0,8.61,28.73,271606.0,19.89,35.08,45223.0,27631.0,8758.0,0.8190000000000001
2021-03-08,Iowa,940050.0,1106755.0,647648.0,9.66,29.79,304688.0,20.53,35.08,33580.0,29315.0,9291.0,0.8490000000000001
2021-03-09,Iowa,952377.0,1162165.0,653454.0,9.93,30.19,313434.0,20.71,36.83,12327.0,30238.0,9584.0,0.8190000000000001
2021-03-10,Iowa,969877.0,1196265.0,663400.0,10.24,30.74,323127.0,21.03,37.92,17500.0,30860.0,9781.0,0.8109999999999999
2021-03-11,Iowa,999390.0,1231655.0,680387.0,10.76,31.68,339509.0,21.56,39.04,29513.0,32297.0,10237.0,0.8109999999999999
