date,location,total_vaccinations,total_distributed,people_vaccinated,people_fully_vaccinated_per_hundred,total_vaccinations_per_hundred,people_fully_vaccinated,people_vaccinated_per_hundred,distributed_per_hundred,daily_vaccinations_raw,daily_vaccinations,daily_vaccinations_per_million,share_doses_used
2021-01-12,Kansas,78268.0,193175.0,53988.0,0.33,2.69,9577.0,1.85,6.63,,,,0.405
2021-01-13,Kansas,85650.0,261175.0,58477.0,0.43,2.94,12470.0,2.01,8.96,7382.0,7382.0,2534.0,0.32799999999999996
2021-01-14,Kansas,91565.0,263175.0,77590.0,,3.14,,2.66,9.03,5915.0,6648.0,2282.0,0.348
2021-01-15,Kansas,97779.0,263175.0,83293.0,0.46,3.36,13496.0,2.86,9.03,6214.0,6504.0,2233.0,0.37200000000000005
2021-01-16,Kansas,,,,,,,,,5163.75,6169.0,2118.0,
2021-01-17,Kansas,,,,,,,,,5163.75,5968.0,2049.0,
2021-01-18,Kansas,,,,,,,,,5163.75,5834.0,2003.0,
2021-01-19,Kansas,118434.0,263175.0,101824.0,0.54,4.07,15602.0,3.5,9.03,5163.75,5738.0,1970.0,0.45
2021-01-20,Kansas,122705.0,265600.0,105679.0,0.55,4.21,16013.0,3.63,9.12,4271.0,5294.0,1817.0,0.462
2021-01-21,Kansas,130434.0,312000.0,111907.0,0.6,4.48,17430.0,3.84,10.71,7729.0,5553.0,1906.0,0.418
2021-01-22,Kansas,137094.0,336475.0,116569.0,0.66,4.71,19325.0,4.0,11.55,6660.0,5616.0,1928.0,0.40700000000000003
2021-01-23,Kansas,144909.0,348175.0,122813.0,0.72,4.97,20883.0,4.22,11.95,7815.0,5995.0,2058.0,0.41600000000000004
2021-01-24,Kansas,151249.0,348175.0,127417.0,0.78,5.19,22610.0,4.37,11.95,6340.0,6163.0,2115.0,0.434
2021-01-25,Kansas,154719.0,348175.0,129861.0,0.81,5.31,23635.0,4.46,11.95,3470.0,5921.0,2032.0,0.444
2021-01-26,Kansas,158743.0,348175.0,132153.0,0.87,5.45,25349.0,4.54,11.95,4024.0,5758.0,1976.0,0.456
2021-01-27,Kansas,168392.0,392875.0,140685.0,0.91,5.78,26457.0,4.83,13.49,9649.0,6527.0,2240.0,0.429
2021-01-28,Kansas,190301.0,405550.0,157536.0,1.08,6.53,31429.0,5.41,13.92,21909.0,8552.0,2935.0,0.469
2021-01-29,Kansas,190540.0,412375.0,157720.0,1.08,6.54,31482.0,5.41,14.15,239.0,7635.0,2621.0,0.462
2021-01-30,Kansas,206520.0,413350.0,168343.0,1.26,7.09,36738.0,5.78,14.19,15980.0,8802.0,3021.0,0.5
2021-01-31,Kansas,221469.0,413350.0,180156.0,1.36,7.6,39753.0,6.18,14.19,14949.0,10031.0,3443.0,0.536
2021-02-01,Kansas,226895.0,413350.0,183035.0,1.45,7.79,42297.0,6.28,14.19,5426.0,10311.0,3539.0,0.5489999999999999
2021-02-02,Kansas,231201.0,413350.0,185065.0,1.52,7.94,44420.0,6.35,14.19,4306.0,10351.0,3553.0,0.5589999999999999
2021-02-03,Kansas,241156.0,470800.0,192026.0,1.63,8.28,47394.0,6.59,16.16,9955.0,10395.0,3568.0,0.512
2021-02-04,Kansas,251425.0,471775.0,198352.0,1.76,8.63,51322.0,6.81,16.19,10269.0,8732.0,2997.0,0.5329999999999999
2021-02-05,Kansas,263624.0,492250.0,206997.0,1.88,9.05,54834.0,7.11,16.9,12199.0,10441.0,3584.0,0.536
2021-02-06,Kansas,280252.0,492250.0,218170.0,2.07,9.62,60203.0,7.49,16.9,16628.0,10533.0,3615.0,0.569
2021-02-07,Kansas,296284.0,492250.0,228774.0,2.25,10.17,65559.0,7.85,16.9,16032.0,10688.0,3669.0,0.602
2021-02-08,Kansas,303094.0,492250.0,232575.0,2.35,10.4,68565.0,7.98,16.9,6810.0,10886.0,3737.0,0.616
2021-02-09,Kansas,305574.0,492250.0,233494.0,2.41,10.49,70115.0,8.01,16.9,2480.0,10625.0,3647.0,0.621
2021-02-10,Kansas,319662.0,553750.0,241127.0,2.63,10.97,76561.0,8.28,19.01,14088.0,11215.0,3850.0,0.5770000000000001
2021-02-11,Kansas,332923.0,564000.0,248979.0,2.81,11.43,81948.0,8.55,19.36,13261.0,11643.0,3996.0,0.59
2021-02-12,Kansas,350741.0,581975.0,261332.0,2.97,12.04,86597.0,8.97,19.98,17818.0,12445.0,4272.0,0.603
2021-02-13,Kansas,367891.0,581975.0,273430.0,3.14,12.63,91577.0,9.39,19.98,17150.0,12520.0,4298.0,0.632
2021-02-14,Kansas,389983.0,581975.0,287680.0,3.41,13.39,99392.0,9.87,19.98,22092.0,13386.0,4595.0,0.67
2021-02-15,Kansas,,,,,,,,,3632.0,12932.0,4439.0,
2021-02-16,Kansas,397247.0,581975.0,291726.0,3.52,13.64,102601.0,10.01,19.98,3632.0,13096.0,4495.0,0.6829999999999999
2021-02-17,Kansas,405166.0,581975.0,295950.0,3.65,13.91,106249.0,10.16,19.98,7919.0,12215.0,4193.0,0.696
2021-02-18,Kansas,417825.0,581975.0,302165.0,3.87,14.34,112651.0,10.37,19.98,12659.0,12129.0,4163.0,0.718
2021-02-19,Kansas,466718.0,624975.0,334112.0,4.41,16.02,128614.0,11.47,21.45,48893.0,16568.0,5687.0,0.747
2021-02-20,Kansas,488738.0,645800.0,345965.0,4.76,16.78,138765.0,11.88,22.17,22020.0,17264.0,5926.0,0.757
2021-02-21,Kansas,509332.0,645800.0,356901.0,5.09,17.48,148378.0,12.25,22.17,20594.0,17050.0,5852.0,0.789
2021-02-22,Kansas,514728.0,645800.0,359269.0,5.2,17.67,151375.0,12.33,22.17,5396.0,17302.0,5939.0,0.797
2021-02-23,Kansas,517379.0,699895.0,360817.0,5.23,17.76,152471.0,12.39,24.02,2651.0,17162.0,5891.0,0.7390000000000001
2021-02-24,Kansas,530904.0,754495.0,367813.0,5.46,18.22,158944.0,12.63,25.9,13525.0,17963.0,6166.0,0.7040000000000001
2021-02-25,Kansas,542433.0,839575.0,373244.0,5.66,18.62,164940.0,12.81,28.82,11529.0,17801.0,6110.0,0.6459999999999999
2021-02-26,Kansas,560776.0,861645.0,383658.0,5.93,19.25,172744.0,13.17,29.58,18343.0,13437.0,4612.0,0.6509999999999999
2021-02-27,Kansas,583498.0,867585.0,394351.0,6.34,20.03,184698.0,13.54,29.78,22722.0,13537.0,4647.0,0.6729999999999999
2021-02-28,Kansas,609765.0,867585.0,408501.0,6.75,20.93,196781.0,14.02,29.78,26267.0,14348.0,4925.0,0.703
2021-03-01,Kansas,620939.0,867585.0,417111.0,6.84,21.31,199266.0,14.32,29.78,11174.0,15173.0,5208.0,0.716
2021-03-02,Kansas,629548.0,868885.0,421149.0,6.99,21.61,203731.0,14.46,29.82,8609.0,16024.0,5500.0,0.725
2021-03-03,Kansas,644921.0,1004065.0,429853.0,7.22,22.14,210351.0,14.75,34.46,15373.0,16288.0,5591.0,0.642
2021-03-04,Kansas,661143.0,1044425.0,439753.0,7.44,22.69,216611.0,15.09,35.85,16222.0,16959.0,5821.0,0.633
2021-03-05,Kansas,683046.0,1085815.0,453247.0,7.72,23.45,224917.0,15.56,37.27,21903.0,17467.0,5996.0,0.629
2021-03-06,Kansas,707897.0,1091625.0,469117.0,8.03,24.3,233833.0,16.1,37.47,24851.0,17771.0,6100.0,0.648
2021-03-07,Kansas,734335.0,1091625.0,485304.0,8.38,25.21,244055.0,16.66,37.47,26438.0,17796.0,6109.0,0.6729999999999999
2021-03-08,Kansas,742945.0,1091625.0,515054.0,8.99,25.5,261951.0,17.68,37.47,8610.0,17429.0,5983.0,0.6809999999999999
2021-03-09,Kansas,751652.0,1094695.0,521147.0,9.1,25.8,265215.0,17.89,37.58,8707.0,17443.0,5987.0,0.687
2021-03-10,Kansas,769636.0,1194795.0,532078.0,9.38,26.42,273211.0,18.26,41.01,17984.0,17816.0,6115.0,0.644
2021-03-11,Kansas,796242.0,1206795.0,548492.0,9.78,27.33,284796.0,18.83,41.42,26606.0,19300.0,6625.0,0.66
