date,location,total_vaccinations,total_distributed,people_vaccinated,people_fully_vaccinated_per_hundred,total_vaccinations_per_hundred,people_fully_vaccinated,people_vaccinated_per_hundred,distributed_per_hundred,daily_vaccinations_raw,daily_vaccinations,daily_vaccinations_per_million,share_doses_used
2021-01-12,Kentucky,132114.0,329450.0,102517.0,0.14,2.96,6335.0,2.29,7.37,,,,0.401
2021-01-13,Kentucky,142436.0,329450.0,111449.0,0.17,3.19,7725.0,2.49,7.37,10322.0,10322.0,2310.0,0.43200000000000005
2021-01-14,Kentucky,155613.0,332375.0,145320.0,,3.48,,3.25,7.44,13177.0,11750.0,2630.0,0.46799999999999997
2021-01-15,Kentucky,174748.0,337450.0,162733.0,0.24,3.91,10672.0,3.64,7.55,19135.0,14211.0,3181.0,0.518
2021-01-16,Kentucky,,,,,,,,,10322.75,13239.0,2963.0,
2021-01-17,Kentucky,,,,,,,,,10322.75,12656.0,2833.0,
2021-01-18,Kentucky,,,,,,,,,10322.75,12267.0,2746.0,
2021-01-19,Kentucky,216039.0,337450.0,201688.0,0.29,4.84,12911.0,4.51,7.55,10322.75,11989.0,2683.0,0.64
2021-01-20,Kentucky,223946.0,444325.0,208664.0,0.31,5.01,13829.0,4.67,9.95,7907.0,11644.0,2606.0,0.504
2021-01-21,Kentucky,235143.0,450175.0,217837.0,0.35,5.26,15699.0,4.88,10.08,11197.0,11361.0,2543.0,0.522
2021-01-22,Kentucky,254144.0,466700.0,229873.0,0.51,5.69,22568.0,5.15,10.45,19001.0,11342.0,2539.0,0.545
2021-01-23,Kentucky,270960.0,471000.0,243620.0,0.57,6.06,25566.0,5.45,10.54,16816.0,12270.0,2746.0,0.575
2021-01-24,Kentucky,299493.0,471000.0,268308.0,0.66,6.7,29346.0,6.01,10.54,28533.0,14871.0,3329.0,0.636
2021-01-25,Kentucky,307462.0,471000.0,275610.0,0.67,6.88,30010.0,6.17,10.54,7969.0,14535.0,3253.0,0.653
2021-01-26,Kentucky,312192.0,557975.0,279715.0,0.69,6.99,30633.0,6.26,12.49,4730.0,13736.0,3075.0,0.56
2021-01-27,Kentucky,323268.0,585500.0,285291.0,0.81,7.24,36054.0,6.39,13.11,11076.0,14189.0,3176.0,0.552
2021-01-28,Kentucky,342200.0,611050.0,297108.0,0.97,7.66,43142.0,6.65,13.68,18932.0,15294.0,3423.0,0.56
2021-01-29,Kentucky,366643.0,650050.0,312373.0,1.17,8.21,52251.0,6.99,14.55,24443.0,16071.0,3597.0,0.564
2021-01-30,Kentucky,386001.0,650150.0,324581.0,1.33,8.64,59367.0,7.27,14.55,19358.0,16434.0,3678.0,0.594
2021-01-31,Kentucky,404705.0,650150.0,337738.0,1.45,9.06,64890.0,7.56,14.55,18704.0,15030.0,3364.0,0.622
2021-02-01,Kentucky,415545.0,650150.0,347384.0,1.48,9.3,66077.0,7.78,14.55,10840.0,15440.0,3456.0,0.639
2021-02-02,Kentucky,419562.0,684700.0,350622.0,1.5,9.39,66852.0,7.85,15.33,4017.0,15339.0,3433.0,0.613
2021-02-03,Kentucky,435400.0,719200.0,360015.0,1.64,9.75,73264.0,8.06,16.1,15838.0,16019.0,3586.0,0.605
2021-02-04,Kentucky,455783.0,746500.0,372114.0,1.82,10.2,81502.0,8.33,16.71,20383.0,16226.0,3632.0,0.611
2021-02-05,Kentucky,483777.0,747000.0,387902.0,2.1,10.83,93651.0,8.68,16.72,27994.0,16733.0,3745.0,0.648
2021-02-06,Kentucky,517168.0,747000.0,406790.0,2.42,11.58,108050.0,9.11,16.72,33391.0,18738.0,4194.0,0.6920000000000001
2021-02-07,Kentucky,548342.0,747000.0,422976.0,2.75,12.27,122785.0,9.47,16.72,31174.0,20520.0,4593.0,0.7340000000000001
2021-02-08,Kentucky,564682.0,747000.0,434294.0,2.86,12.64,127793.0,9.72,16.72,16340.0,21305.0,4769.0,0.7559999999999999
2021-02-09,Kentucky,568658.0,828800.0,436193.0,2.91,12.73,129862.0,9.76,18.55,3976.0,21299.0,4767.0,0.6859999999999999
2021-02-10,Kentucky,584947.0,840400.0,442691.0,3.12,13.09,139605.0,9.91,18.81,16289.0,21364.0,4782.0,0.696
2021-02-11,Kentucky,608198.0,882200.0,454145.0,3.39,13.61,151297.0,10.17,19.75,23251.0,21774.0,4874.0,0.6890000000000001
2021-02-12,Kentucky,636518.0,882400.0,468357.0,3.7,14.25,165324.0,10.48,19.75,28320.0,21820.0,4884.0,0.721
2021-02-13,Kentucky,649810.0,892100.0,474397.0,3.86,14.54,172518.0,10.62,19.97,13292.0,18949.0,4241.0,0.728
2021-02-14,Kentucky,678768.0,892100.0,488161.0,4.2,15.19,187643.0,10.93,19.97,28958.0,18632.0,4170.0,0.7609999999999999
2021-02-15,Kentucky,,,,,,,,,16410.0,18642.0,4173.0,
2021-02-16,Kentucky,711588.0,903775.0,510373.0,4.44,15.93,198180.0,11.42,20.23,16410.0,20419.0,4570.0,0.787
2021-02-17,Kentucky,719857.0,911575.0,514681.0,4.52,16.11,202064.0,11.52,20.4,8269.0,19273.0,4314.0,0.79
2021-02-18,Kentucky,726168.0,950600.0,517316.0,4.6,16.25,205575.0,11.58,21.28,6311.0,16853.0,3772.0,0.764
2021-02-19,Kentucky,779109.0,998250.0,547573.0,5.11,17.44,228157.0,12.26,22.34,52941.0,20370.0,4559.0,0.78
2021-02-20,Kentucky,796952.0,998250.0,556588.0,5.3,17.84,236951.0,12.46,22.34,17843.0,21020.0,4705.0,0.7979999999999999
2021-02-21,Kentucky,824007.0,1006050.0,566677.0,5.68,18.44,253857.0,12.68,22.52,27055.0,20748.0,4644.0,0.8190000000000001
2021-02-22,Kentucky,839508.0,1006050.0,573961.0,5.87,18.79,262062.0,12.85,22.52,15501.0,20619.0,4615.0,0.8340000000000001
2021-02-23,Kentucky,851440.0,1181375.0,579549.0,6.01,19.06,268387.0,12.97,26.44,11932.0,19979.0,4472.0,0.721
2021-02-24,Kentucky,874840.0,1204585.0,592151.0,6.25,19.58,279104.0,13.25,26.96,23400.0,22140.0,4956.0,0.726
2021-02-25,Kentucky,907836.0,1230465.0,609932.0,6.59,20.32,294202.0,13.65,27.54,32996.0,25953.0,5809.0,0.738
2021-02-26,Kentucky,945168.0,1305725.0,632114.0,6.92,21.16,309250.0,14.15,29.23,37332.0,23723.0,5310.0,0.7240000000000001
2021-02-27,Kentucky,980727.0,1317325.0,654884.0,7.21,21.95,321940.0,14.66,29.49,35559.0,26254.0,5876.0,0.7440000000000001
2021-02-28,Kentucky,1020045.0,1317325.0,674617.0,7.64,22.83,341409.0,15.1,29.49,39318.0,28005.0,6268.0,0.774
2021-03-01,Kentucky,1046835.0,1317325.0,691600.0,7.86,23.43,351189.0,15.48,29.49,26790.0,29618.0,6629.0,0.795
2021-03-02,Kentucky,1061236.0,1418685.0,702822.0,7.93,23.75,354275.0,15.73,31.75,14401.0,29971.0,6708.0,0.748
2021-03-03,Kentucky,1082228.0,1435555.0,715889.0,8.1,24.22,362062.0,16.02,32.13,20992.0,29627.0,6631.0,0.754
2021-03-04,Kentucky,1117369.0,1449775.0,737786.0,8.4,25.01,375152.0,16.51,32.45,35141.0,29933.0,6700.0,0.7709999999999999
2021-03-05,Kentucky,1162694.0,1538415.0,768092.0,8.73,26.02,390088.0,17.19,34.43,45325.0,31075.0,6956.0,0.7559999999999999
2021-03-06,Kentucky,1209546.0,1555915.0,799179.0,9.08,27.07,405706.0,17.89,34.83,46852.0,32688.0,7317.0,0.777
2021-03-07,Kentucky,1254160.0,1555915.0,826323.0,9.47,28.07,423066.0,18.5,34.83,44614.0,33445.0,7486.0,0.8059999999999999
2021-03-08,Kentucky,1283860.0,1555915.0,867007.0,9.92,28.74,443361.0,19.41,34.83,29700.0,33861.0,7579.0,0.825
2021-03-09,Kentucky,1293847.0,1692775.0,872816.0,10.03,28.96,448228.0,19.54,37.89,9987.0,33230.0,7438.0,0.764
2021-03-10,Kentucky,1318808.0,1709375.0,891206.0,10.21,29.52,456204.0,19.95,38.26,24961.0,33797.0,7565.0,0.772
2021-03-11,Kentucky,1357068.0,1765905.0,922079.0,10.46,30.38,467334.0,20.64,39.53,38260.0,34243.0,7665.0,0.768
