date,location,total_vaccinations,total_distributed,people_vaccinated,people_fully_vaccinated_per_hundred,total_vaccinations_per_hundred,people_fully_vaccinated,people_vaccinated_per_hundred,distributed_per_hundred,daily_vaccinations_raw,daily_vaccinations,daily_vaccinations_per_million,share_doses_used
2021-01-12,Marshall Islands,639.0,13600.0,623.0,0.0,1.09,1.0,1.07,23.28,,,,0.047
2021-01-13,Marshall Islands,649.0,13600.0,633.0,0.0,1.11,1.0,1.08,23.28,10.0,10.0,171.0,0.048
2021-01-14,Marshall Islands,649.0,13600.0,623.0,,1.11,,1.07,23.28,0.0,5.0,86.0,0.048
2021-01-15,Marshall Islands,658.0,13600.0,632.0,0.0,1.13,2.0,1.08,23.28,9.0,6.0,103.0,0.048
2021-01-16,Marshall Islands,,,,,,,,,156.0,44.0,753.0,
2021-01-17,Marshall Islands,,,,,,,,,156.0,66.0,1130.0,
2021-01-18,Marshall Islands,,,,,,,,,156.0,81.0,1387.0,
2021-01-19,Marshall Islands,1282.0,13600.0,1250.0,0.0,2.19,2.0,2.14,23.28,156.0,92.0,1575.0,0.094
2021-01-20,Marshall Islands,1514.0,13600.0,1482.0,0.0,2.59,2.0,2.54,23.28,232.0,124.0,2123.0,0.111
2021-01-21,Marshall Islands,1991.0,13600.0,1959.0,0.0,3.41,2.0,3.35,23.28,477.0,192.0,3287.0,0.146
2021-01-22,Marshall Islands,2438.0,13600.0,2406.0,0.0,4.17,2.0,4.12,23.28,447.0,254.0,4348.0,0.179
2021-01-23,Marshall Islands,2873.0,13600.0,2840.0,0.01,4.92,3.0,4.86,23.28,435.0,294.0,5033.0,0.21100000000000002
2021-01-24,Marshall Islands,3098.0,13600.0,3065.0,0.01,5.3,3.0,5.25,23.28,225.0,304.0,5204.0,0.228
2021-01-25,Marshall Islands,3098.0,13600.0,3065.0,0.01,5.3,3.0,5.25,23.28,0.0,282.0,4828.0,0.228
2021-01-26,Marshall Islands,3284.0,13600.0,3250.0,0.01,5.62,3.0,5.56,23.28,186.0,286.0,4896.0,0.24100000000000002
2021-01-27,Marshall Islands,3538.0,13600.0,3487.0,0.03,6.06,20.0,5.97,23.28,254.0,289.0,4948.0,0.26
2021-01-28,Marshall Islands,3755.0,13600.0,3594.0,0.22,6.43,129.0,6.15,23.28,217.0,252.0,4314.0,0.276
2021-01-29,Marshall Islands,3928.0,13600.0,3661.0,0.4,6.72,232.0,6.27,23.28,173.0,213.0,3646.0,0.289
2021-01-30,Marshall Islands,3992.0,13600.0,3723.0,0.4,6.83,234.0,6.37,23.28,64.0,160.0,2739.0,0.294
2021-01-31,Marshall Islands,4127.0,13600.0,3763.0,0.56,7.07,327.0,6.44,23.28,135.0,147.0,2517.0,0.303
2021-02-01,Marshall Islands,4127.0,13600.0,3763.0,0.56,7.07,327.0,6.44,23.28,0.0,147.0,2517.0,0.303
2021-02-02,Marshall Islands,4258.0,13600.0,3844.0,0.64,7.29,376.0,6.58,23.28,131.0,139.0,2380.0,0.313
2021-02-03,Marshall Islands,4258.0,21000.0,3844.0,0.64,7.29,376.0,6.58,35.95,0.0,103.0,1763.0,0.203
2021-02-04,Marshall Islands,4424.0,21000.0,3955.0,0.74,7.57,431.0,6.77,35.95,166.0,96.0,1643.0,0.21100000000000002
2021-02-05,Marshall Islands,4553.0,21000.0,4072.0,0.76,7.79,443.0,6.97,35.95,129.0,89.0,1524.0,0.217
2021-02-06,Marshall Islands,4740.0,21000.0,4259.0,0.76,8.11,443.0,7.29,35.95,187.0,107.0,1832.0,0.226
2021-02-07,Marshall Islands,4907.0,21000.0,4412.0,0.78,8.4,457.0,7.55,35.95,167.0,111.0,1900.0,0.23399999999999999
2021-02-08,Marshall Islands,4907.0,21000.0,4412.0,0.78,8.4,457.0,7.55,35.95,0.0,111.0,1900.0,0.23399999999999999
2021-02-09,Marshall Islands,5145.0,21000.0,4628.0,0.82,8.81,479.0,7.92,35.95,238.0,127.0,2174.0,0.245
2021-02-10,Marshall Islands,5260.0,21000.0,4729.0,0.84,9.0,493.0,8.1,35.95,115.0,143.0,2448.0,0.25
2021-02-11,Marshall Islands,5433.0,21000.0,4868.0,0.9,9.3,527.0,8.33,35.95,173.0,144.0,2465.0,0.259
2021-02-12,Marshall Islands,5609.0,21000.0,4980.0,1.01,9.6,590.0,8.53,35.95,176.0,151.0,2585.0,0.267
2021-02-13,Marshall Islands,5730.0,21000.0,5095.0,1.02,9.81,596.0,8.72,35.95,121.0,141.0,2414.0,0.273
2021-02-14,Marshall Islands,5938.0,21000.0,5233.0,1.14,10.17,665.0,8.96,35.95,208.0,147.0,2517.0,0.28300000000000003
2021-02-15,Marshall Islands,,,,,,,,,258.5,184.0,3150.0,
2021-02-16,Marshall Islands,6455.0,21000.0,5684.0,1.24,11.05,726.0,9.73,35.95,258.5,187.0,3201.0,0.307
2021-02-17,Marshall Islands,6458.0,21000.0,5685.0,1.25,11.06,728.0,9.73,35.95,3.0,171.0,2927.0,0.308
2021-02-18,Marshall Islands,6760.0,21000.0,5858.0,1.47,11.57,856.0,10.03,35.95,302.0,190.0,3253.0,0.322
2021-02-19,Marshall Islands,7417.0,21000.0,6203.0,1.99,12.7,1161.0,10.62,35.95,657.0,258.0,4417.0,0.353
2021-02-20,Marshall Islands,7733.0,21000.0,6462.0,2.09,13.24,1218.0,11.06,35.95,316.0,286.0,4896.0,0.368
2021-02-21,Marshall Islands,8716.0,21000.0,7170.0,2.55,14.92,1491.0,12.27,35.95,983.0,397.0,6796.0,0.415
2021-02-22,Marshall Islands,8926.0,21000.0,7175.0,2.9,15.28,1695.0,12.28,35.95,210.0,390.0,6677.0,0.425
2021-02-23,Marshall Islands,9462.0,21000.0,7561.0,3.16,16.2,1845.0,12.94,35.95,536.0,430.0,7361.0,0.451
2021-02-24,Marshall Islands,9995.0,21000.0,7767.0,3.72,17.11,2171.0,13.3,35.95,533.0,505.0,8645.0,0.47600000000000003
2021-02-25,Marshall Islands,10360.0,21000.0,8076.0,3.81,17.74,2227.0,13.83,35.95,365.0,514.0,8799.0,0.493
2021-02-26,Marshall Islands,10745.0,21000.0,8421.0,3.88,18.39,2267.0,14.42,35.95,385.0,475.0,8132.0,0.512
2021-02-27,Marshall Islands,10745.0,21000.0,8421.0,3.88,18.39,2267.0,14.42,35.95,0.0,430.0,7361.0,0.512
2021-02-28,Marshall Islands,11197.0,21000.0,8811.0,3.99,19.17,2329.0,15.08,35.95,452.0,354.0,6060.0,0.5329999999999999
2021-03-01,Marshall Islands,11197.0,21000.0,8811.0,3.99,19.17,2329.0,15.08,35.95,0.0,324.0,5547.0,0.5329999999999999
2021-03-02,Marshall Islands,11351.0,21000.0,8835.0,4.21,19.43,2459.0,15.13,35.95,154.0,270.0,4622.0,0.541
2021-03-03,Marshall Islands,11351.0,35000.0,8835.0,4.21,19.43,2459.0,15.13,59.92,0.0,194.0,3321.0,0.324
2021-03-04,Marshall Islands,12111.0,35000.0,9386.0,4.57,20.73,2668.0,16.07,59.92,760.0,250.0,4280.0,0.34600000000000003
2021-03-05,Marshall Islands,12592.0,35000.0,9666.0,4.91,21.56,2869.0,16.55,59.92,481.0,264.0,4520.0,0.36
2021-03-06,Marshall Islands,13292.0,35000.0,10019.0,5.5,22.76,3215.0,17.15,59.92,700.0,364.0,6231.0,0.38
2021-03-07,Marshall Islands,13742.0,35000.0,10423.0,5.58,23.53,3261.0,17.84,59.92,450.0,364.0,6231.0,0.39299999999999996
2021-03-08,Marshall Islands,13742.0,35000.0,10432.0,5.59,23.53,3263.0,17.86,59.92,0.0,364.0,6231.0,0.39299999999999996
2021-03-09,Marshall Islands,14523.0,35000.0,10732.0,6.41,24.86,3744.0,18.37,59.92,781.0,453.0,7755.0,0.415
2021-03-10,Marshall Islands,14987.0,35600.0,10897.0,6.92,25.66,4041.0,18.66,60.95,464.0,519.0,8885.0,0.42100000000000004
2021-03-11,Marshall Islands,15516.0,35600.0,11050.0,7.56,26.56,4415.0,18.92,60.95,529.0,486.0,8320.0,0.436
