date,location,total_vaccinations,total_distributed,people_vaccinated,people_fully_vaccinated_per_hundred,total_vaccinations_per_hundred,people_fully_vaccinated,people_vaccinated_per_hundred,distributed_per_hundred,daily_vaccinations_raw,daily_vaccinations,daily_vaccinations_per_million,share_doses_used
2021-01-12,Minnesota,162240.0,453200.0,152280.0,0.17,2.88,9798.0,2.7,8.04,,,,0.358
2021-01-13,Minnesota,165355.0,511200.0,154767.0,0.18,2.93,10426.0,2.74,9.06,3115.0,3115.0,552.0,0.32299999999999995
2021-01-14,Minnesota,179684.0,516800.0,161507.0,,3.19,,2.86,9.16,14329.0,8722.0,1547.0,0.348
2021-01-15,Minnesota,198253.0,519600.0,170273.0,0.49,3.52,27799.0,3.02,9.21,18569.0,12004.0,2129.0,0.382
2021-01-16,Minnesota,,,,,,,,,13320.5,12333.0,2187.0,
2021-01-17,Minnesota,,,,,,,,,13320.5,12531.0,2222.0,
2021-01-18,Minnesota,,,,,,,,,13320.5,12662.0,2245.0,
2021-01-19,Minnesota,251535.0,519600.0,209118.0,0.75,4.46,42116.0,3.71,9.21,13320.5,12756.0,2262.0,0.484
2021-01-20,Minnesota,252548.0,595775.0,209862.0,0.75,4.48,42384.0,3.72,10.56,1013.0,12456.0,2209.0,0.424
2021-01-21,Minnesota,259417.0,652350.0,213102.0,0.82,4.6,46008.0,3.78,11.57,6869.0,11390.0,2020.0,0.39799999999999996
2021-01-22,Minnesota,278234.0,677100.0,223957.0,0.96,4.93,53940.0,3.97,12.01,18817.0,11426.0,2026.0,0.41100000000000003
2021-01-23,Minnesota,305297.0,680700.0,240009.0,1.15,5.41,64768.0,4.26,12.07,27063.0,13389.0,2374.0,0.449
2021-01-24,Minnesota,321180.0,680700.0,252927.0,1.2,5.7,67716.0,4.48,12.07,15883.0,13755.0,2439.0,0.47200000000000003
2021-01-25,Minnesota,346864.0,680700.0,273973.0,1.28,6.15,72266.0,4.86,12.07,25684.0,15521.0,2752.0,0.51
2021-01-26,Minnesota,360442.0,689450.0,287195.0,1.29,6.39,72622.0,5.09,12.23,13578.0,15558.0,2759.0,0.523
2021-01-27,Minnesota,375395.0,787875.0,298902.0,1.34,6.66,75844.0,5.3,13.97,14953.0,17550.0,3112.0,0.47600000000000003
2021-01-28,Minnesota,403640.0,801775.0,315664.0,1.55,7.16,87269.0,5.6,14.22,28245.0,20603.0,3653.0,0.503
2021-01-29,Minnesota,440350.0,834550.0,340311.0,1.75,7.81,98634.0,6.03,14.8,36710.0,23159.0,4106.0,0.528
2021-01-30,Minnesota,485850.0,837550.0,376632.0,1.91,8.61,107528.0,6.68,14.85,45500.0,25793.0,4574.0,0.58
2021-01-31,Minnesota,518744.0,837550.0,402715.0,2.03,9.2,114255.0,7.14,14.85,32894.0,28223.0,5004.0,0.619
2021-02-01,Minnesota,546330.0,837550.0,425546.0,2.11,9.69,118959.0,7.55,14.85,27586.0,28495.0,5053.0,0.652
2021-02-02,Minnesota,552701.0,824450.0,431172.0,2.12,9.8,119631.0,7.65,14.62,6371.0,27466.0,4870.0,0.67
2021-02-03,Minnesota,552701.0,919975.0,431172.0,2.12,9.8,119631.0,7.65,16.31,0.0,25329.0,4491.0,0.601
2021-02-04,Minnesota,634453.0,931500.0,459716.0,2.34,11.25,131728.0,8.15,16.52,81752.0,32973.0,5847.0,0.6809999999999999
2021-02-05,Minnesota,634453.0,934400.0,459716.0,2.34,11.25,131728.0,8.15,16.57,0.0,27729.0,4917.0,0.679
2021-02-06,Minnesota,703366.0,950250.0,509608.0,2.67,12.47,150576.0,9.04,16.85,68913.0,31074.0,5510.0,0.74
2021-02-07,Minnesota,729088.0,950250.0,528537.0,2.79,12.93,157277.0,9.37,16.85,25722.0,30049.0,5328.0,0.767
2021-02-08,Minnesota,745290.0,950250.0,541133.0,2.85,13.22,160794.0,9.6,16.85,16202.0,28423.0,5040.0,0.784
2021-02-09,Minnesota,745290.0,975850.0,541133.0,2.85,13.22,160794.0,9.6,17.3,0.0,27513.0,4879.0,0.764
2021-02-10,Minnesota,745290.0,1058225.0,541133.0,2.85,13.22,160794.0,9.6,18.76,0.0,27513.0,4879.0,0.7040000000000001
2021-02-11,Minnesota,754262.0,1121000.0,575084.0,3.13,13.37,176482.0,10.2,19.88,8972.0,17116.0,3035.0,0.6729999999999999
2021-02-12,Minnesota,787006.0,1129850.0,595334.0,3.35,13.95,188872.0,10.56,20.03,32744.0,21793.0,3864.0,0.6970000000000001
2021-02-13,Minnesota,831483.0,1130550.0,622541.0,3.65,14.74,205958.0,11.04,20.05,44477.0,18302.0,3245.0,0.735
2021-02-14,Minnesota,870743.0,1132350.0,643627.0,3.97,15.44,224005.0,11.41,20.08,39260.0,20236.0,3588.0,0.769
2021-02-15,Minnesota,,,,,,,,,19066.0,20646.0,3661.0,
2021-02-16,Minnesota,908875.0,1165050.0,669293.0,4.19,16.12,236228.0,11.87,20.66,19066.0,23369.0,4144.0,0.78
2021-02-17,Minnesota,925182.0,1165050.0,681366.0,4.26,16.41,240414.0,12.08,20.66,16307.0,25699.0,4557.0,0.794
2021-02-18,Minnesota,957275.0,1200250.0,696510.0,4.56,16.97,257283.0,12.35,21.28,32093.0,29002.0,5143.0,0.7979999999999999
2021-02-19,Minnesota,1051784.0,1269275.0,754315.0,5.21,18.65,293643.0,13.38,22.51,94509.0,37825.0,6707.0,0.8290000000000001
2021-02-20,Minnesota,1097316.0,1284150.0,772141.0,5.7,19.46,321228.0,13.69,22.77,45532.0,37976.0,6734.0,0.855
2021-02-21,Minnesota,1136840.0,1284150.0,788468.0,6.11,20.16,344300.0,13.98,22.77,39524.0,38014.0,6741.0,0.885
2021-02-22,Minnesota,1138309.0,1284150.0,788885.0,6.12,20.18,345351.0,13.99,22.77,1469.0,35500.0,6295.0,0.8859999999999999
2021-02-23,Minnesota,1170259.0,1345050.0,800484.0,6.48,20.75,365627.0,14.19,23.85,31950.0,37341.0,6621.0,0.87
2021-02-24,Minnesota,1189101.0,1520290.0,810528.0,6.64,21.08,374323.0,14.37,26.96,18842.0,37703.0,6685.0,0.782
2021-02-25,Minnesota,1218799.0,1547920.0,824500.0,6.91,21.61,389777.0,14.62,27.45,29698.0,37361.0,6625.0,0.787
2021-02-26,Minnesota,1261762.0,1590390.0,847014.0,7.27,22.37,409927.0,15.02,28.2,42963.0,29997.0,5319.0,0.7929999999999999
2021-02-27,Minnesota,1322288.0,1599790.0,882110.0,7.72,23.45,435199.0,15.64,28.37,60526.0,32139.0,5699.0,0.8270000000000001
2021-02-28,Minnesota,1393985.0,1599790.0,934903.0,8.05,24.72,454008.0,16.58,28.37,71697.0,36735.0,6514.0,0.871
2021-03-01,Minnesota,1429631.0,1599790.0,956172.0,8.3,25.35,468222.0,16.95,28.37,35646.0,41617.0,7379.0,0.894
2021-03-02,Minnesota,1443875.0,1653440.0,963900.0,8.42,25.6,474714.0,17.09,29.32,14244.0,39088.0,6931.0,0.873
2021-03-03,Minnesota,1477533.0,1817920.0,985742.0,8.63,26.2,486432.0,17.48,32.23,33658.0,41205.0,7306.0,0.813
2021-03-04,Minnesota,1512877.0,1861010.0,1005910.0,8.89,26.83,501368.0,17.84,33.0,35344.0,42011.0,7449.0,0.813
2021-03-05,Minnesota,1562547.0,1952000.0,1035471.0,9.24,27.71,521381.0,18.36,34.61,49670.0,42969.0,7619.0,0.8
2021-03-06,Minnesota,1627997.0,1953700.0,1077274.0,9.66,28.87,544905.0,19.1,34.64,65450.0,43673.0,7744.0,0.833
2021-03-07,Minnesota,1681447.0,1953700.0,1113723.0,9.96,29.81,561546.0,19.75,34.64,53450.0,41066.0,7282.0,0.861
2021-03-08,Minnesota,1725656.0,1953700.0,1151692.0,10.51,30.6,592955.0,20.42,34.64,44209.0,42289.0,7499.0,0.883
2021-03-09,Minnesota,1746992.0,2011060.0,1167407.0,10.71,30.98,603801.0,20.7,35.66,21336.0,43302.0,7678.0,0.8690000000000001
2021-03-10,Minnesota,1771967.0,2167130.0,1185323.0,10.95,31.42,617550.0,21.02,38.43,24975.0,42062.0,7458.0,0.818
2021-03-11,Minnesota,1823592.0,2210960.0,1213677.0,11.46,32.34,646257.0,21.52,39.2,51625.0,44388.0,7871.0,0.825
