date,location,total_vaccinations,total_distributed,people_vaccinated,people_fully_vaccinated_per_hundred,total_vaccinations_per_hundred,people_fully_vaccinated,people_vaccinated_per_hundred,distributed_per_hundred,daily_vaccinations_raw,daily_vaccinations,daily_vaccinations_per_million,share_doses_used
2021-01-12,Mississippi,54544.0,212050.0,45733.0,0.16,1.83,4832.0,1.54,7.12,,,,0.257
2021-01-13,Mississippi,61289.0,218825.0,51588.0,0.19,2.06,5722.0,1.73,7.35,6745.0,6745.0,2266.0,0.28
2021-01-14,Mississippi,71848.0,219800.0,64654.0,,2.41,,2.17,7.39,10559.0,8652.0,2907.0,0.327
2021-01-15,Mississippi,84328.0,233550.0,75885.0,0.28,2.83,8396.0,2.55,7.85,12480.0,9928.0,3336.0,0.361
2021-01-16,Mississippi,,,,,,,,,7311.0,9274.0,3116.0,
2021-01-17,Mississippi,,,,,,,,,7311.0,8881.0,2984.0,
2021-01-18,Mississippi,,,,,,,,,7311.0,8620.0,2896.0,
2021-01-19,Mississippi,113572.0,233550.0,103946.0,0.32,3.82,9545.0,3.49,7.85,7311.0,8433.0,2834.0,0.486
2021-01-20,Mississippi,122586.0,307950.0,112525.0,0.34,4.12,9979.0,3.78,10.35,9014.0,8757.0,2942.0,0.39799999999999996
2021-01-21,Mississippi,136691.0,334800.0,124931.0,0.39,4.59,11567.0,4.2,11.25,14105.0,9263.0,3112.0,0.408
2021-01-22,Mississippi,150524.0,346400.0,136902.0,0.45,5.06,13423.0,4.6,11.64,13833.0,9457.0,3178.0,0.435
2021-01-23,Mississippi,150524.0,358100.0,136902.0,0.45,5.06,13423.0,4.6,12.03,0.0,8412.0,2826.0,0.42
2021-01-24,Mississippi,177636.0,358100.0,161507.0,0.53,5.97,15918.0,5.43,12.03,27112.0,11241.0,3777.0,0.496
2021-01-25,Mississippi,180960.0,358100.0,164715.0,0.54,6.08,16034.0,5.53,12.03,3324.0,10671.0,3586.0,0.505
2021-01-26,Mississippi,182013.0,372050.0,165668.0,0.54,6.12,16134.0,5.57,12.5,1053.0,9777.0,3285.0,0.489
2021-01-27,Mississippi,190239.0,396550.0,172522.0,0.59,6.39,17499.0,5.8,13.32,8226.0,9665.0,3247.0,0.48
2021-01-28,Mississippi,201247.0,418050.0,181550.0,0.65,6.76,19475.0,6.1,14.05,11008.0,9222.0,3099.0,0.48100000000000004
2021-01-29,Mississippi,212748.0,425000.0,191145.0,0.72,7.15,21354.0,6.42,14.28,11501.0,8889.0,2987.0,0.501
2021-01-30,Mississippi,222487.0,425000.0,199419.0,0.77,7.48,22816.0,6.7,14.28,9739.0,10280.0,3454.0,0.523
2021-01-31,Mississippi,236401.0,425000.0,211689.0,0.82,7.94,24455.0,7.11,14.28,13914.0,8395.0,2821.0,0.556
2021-02-01,Mississippi,238859.0,425000.0,213525.0,0.84,8.03,25077.0,7.17,14.28,2458.0,8271.0,2779.0,0.562
2021-02-02,Mississippi,240125.0,438100.0,214460.0,0.85,8.07,25408.0,7.21,14.72,1266.0,8302.0,2790.0,0.5479999999999999
2021-02-03,Mississippi,250905.0,484850.0,222860.0,0.93,8.43,27786.0,7.49,16.29,10780.0,8667.0,2912.0,0.517
2021-02-04,Mississippi,250905.0,494975.0,222860.0,0.93,8.43,27786.0,7.49,16.63,0.0,7094.0,2384.0,0.507
2021-02-05,Mississippi,275884.0,495950.0,238039.0,1.26,9.27,37572.0,8.0,16.66,24979.0,9019.0,3030.0,0.556
2021-02-06,Mississippi,300464.0,515450.0,252569.0,1.6,10.1,47607.0,8.49,17.32,24580.0,11140.0,3743.0,0.583
2021-02-07,Mississippi,321032.0,515450.0,264586.0,1.89,10.79,56140.0,8.89,17.32,20568.0,12090.0,4062.0,0.623
2021-02-08,Mississippi,327429.0,515450.0,267797.0,1.99,11.0,59325.0,9.0,17.32,6397.0,12653.0,4251.0,0.635
2021-02-09,Mississippi,329079.0,536625.0,268534.0,2.02,11.06,60237.0,9.02,18.03,1650.0,12708.0,4270.0,0.613
2021-02-10,Mississippi,345507.0,570075.0,277287.0,2.28,11.61,67829.0,9.32,19.15,16428.0,13515.0,4541.0,0.606
2021-02-11,Mississippi,365400.0,601625.0,286055.0,2.65,12.28,78802.0,9.61,20.21,19893.0,16356.0,5496.0,0.607
2021-02-12,Mississippi,386333.0,609025.0,296066.0,3.01,12.98,89697.0,9.95,20.46,20933.0,15778.0,5301.0,0.634
2021-02-13,Mississippi,407723.0,613900.0,303627.0,3.48,13.7,103462.0,10.2,20.63,21390.0,15323.0,5149.0,0.664
2021-02-14,Mississippi,427198.0,614100.0,312244.0,3.84,14.35,114284.0,10.49,20.63,19475.0,15167.0,5096.0,0.696
2021-02-15,Mississippi,,,,,,,,,5583.0,15050.0,5057.0,
2021-02-16,Mississippi,438364.0,614100.0,318006.0,4.02,14.73,119684.0,10.69,20.63,5583.0,15612.0,5246.0,0.7140000000000001
2021-02-17,Mississippi,438364.0,614100.0,318006.0,4.02,14.73,119684.0,10.69,20.63,0.0,13265.0,4457.0,0.7140000000000001
2021-02-18,Mississippi,438364.0,616050.0,318006.0,4.02,14.73,119684.0,10.69,20.7,0.0,10423.0,3502.0,0.7120000000000001
2021-02-19,Mississippi,474304.0,647825.0,341669.0,4.43,15.94,131916.0,11.48,21.77,35940.0,12567.0,4223.0,0.732
2021-02-20,Mississippi,481424.0,650750.0,345108.0,4.56,16.18,135591.0,11.6,21.87,7120.0,10529.0,3538.0,0.74
2021-02-21,Mississippi,491117.0,650750.0,349797.0,4.72,16.5,140550.0,11.75,21.87,9693.0,9131.0,3068.0,0.755
2021-02-22,Mississippi,499055.0,650750.0,353710.0,4.86,16.77,144566.0,11.88,21.87,7938.0,9468.0,3181.0,0.767
2021-02-23,Mississippi,505655.0,720795.0,357173.0,4.96,16.99,147697.0,12.0,24.22,6600.0,9613.0,3230.0,0.7020000000000001
2021-02-24,Mississippi,525462.0,767265.0,365775.0,5.34,17.66,158823.0,12.29,25.78,19807.0,12443.0,4181.0,0.685
2021-02-25,Mississippi,525981.0,801035.0,365958.0,5.35,17.67,159155.0,12.3,26.92,519.0,12517.0,4206.0,0.657
2021-02-26,Mississippi,567276.0,842935.0,384467.0,6.11,19.06,181808.0,12.92,28.32,41295.0,13282.0,4463.0,0.6729999999999999
2021-02-27,Mississippi,593453.0,869955.0,398360.0,6.52,19.94,193966.0,13.39,29.23,26177.0,16004.0,5377.0,0.682
2021-02-28,Mississippi,619251.0,869955.0,411215.0,6.95,20.81,206850.0,13.82,29.23,25798.0,18305.0,6151.0,0.7120000000000001
2021-03-01,Mississippi,637116.0,869955.0,419824.0,7.26,21.41,216072.0,14.11,29.23,17865.0,19723.0,6627.0,0.732
2021-03-02,Mississippi,646440.0,898945.0,425124.0,7.39,21.72,220081.0,14.28,30.2,9324.0,20112.0,6758.0,0.7190000000000001
2021-03-03,Mississippi,665772.0,942435.0,435977.0,7.68,22.37,228512.0,14.65,31.67,19332.0,20044.0,6735.0,0.706
2021-03-04,Mississippi,685610.0,1005145.0,446777.0,7.98,23.04,237488.0,15.01,33.77,19838.0,22804.0,7662.0,0.682
2021-03-05,Mississippi,710560.0,1059665.0,461315.0,8.33,23.88,247826.0,15.5,35.61,24950.0,20469.0,6878.0,0.6709999999999999
2021-03-06,Mississippi,736826.0,1067855.0,479390.0,8.6,24.76,255966.0,16.11,35.88,26266.0,20482.0,6882.0,0.69
2021-03-07,Mississippi,764699.0,1067855.0,497719.0,8.92,25.69,265467.0,16.72,35.88,27873.0,20778.0,6982.0,0.716
2021-03-08,Mississippi,776272.0,1067855.0,506410.0,9.37,26.08,278797.0,17.02,35.88,11573.0,19879.0,6679.0,0.727
2021-03-09,Mississippi,780649.0,1089955.0,509358.0,9.42,26.23,280373.0,17.11,36.62,4377.0,19173.0,6442.0,0.716
2021-03-10,Mississippi,801306.0,1147355.0,523070.0,9.74,26.92,289830.0,17.58,38.55,20657.0,19362.0,6506.0,0.698
2021-03-11,Mississippi,823604.0,1195775.0,538774.0,10.03,27.67,298373.0,18.1,40.18,22298.0,19713.0,6624.0,0.6890000000000001
