date,location,total_vaccinations,total_distributed,people_vaccinated,people_fully_vaccinated_per_hundred,total_vaccinations_per_hundred,people_fully_vaccinated,people_vaccinated_per_hundred,distributed_per_hundred,daily_vaccinations_raw,daily_vaccinations,daily_vaccinations_per_million,share_doses_used
2021-01-12,Missouri,161784.0,485175.0,107939.0,0.36,2.64,22155.0,1.76,7.91,,,,0.33299999999999996
2021-01-13,Missouri,161784.0,526425.0,107939.0,0.36,2.64,22155.0,1.76,8.58,0.0,0.0,0.0,0.307
2021-01-14,Missouri,175314.0,528300.0,145521.0,,2.86,,2.37,8.61,13530.0,6765.0,1102.0,0.332
2021-01-15,Missouri,190447.0,528800.0,153664.0,0.6,3.1,36525.0,2.5,8.62,15133.0,9554.0,1557.0,0.36
2021-01-16,Missouri,,,,,,,,,11451.75,10029.0,1634.0,
2021-01-17,Missouri,,,,,,,,,11451.75,10313.0,1680.0,
2021-01-18,Missouri,,,,,,,,,11451.75,10503.0,1711.0,
2021-01-19,Missouri,236254.0,528800.0,189793.0,0.74,3.85,45368.0,3.09,8.62,11451.75,10639.0,1733.0,0.447
2021-01-20,Missouri,244476.0,572125.0,193867.0,0.8,3.98,49330.0,3.16,9.32,8222.0,11813.0,1925.0,0.42700000000000005
2021-01-21,Missouri,265382.0,621200.0,205217.0,0.96,4.32,58782.0,3.34,10.12,20906.0,12867.0,2096.0,0.42700000000000005
2021-01-22,Missouri,285697.0,657700.0,217597.0,1.09,4.65,66699.0,3.55,10.72,20315.0,13607.0,2217.0,0.434
2021-01-23,Missouri,291723.0,661400.0,221849.0,1.12,4.75,68466.0,3.61,10.78,6026.0,12832.0,2091.0,0.441
2021-01-24,Missouri,317737.0,661400.0,242937.0,1.19,5.18,73248.0,3.96,10.78,26014.0,14912.0,2430.0,0.48
2021-01-25,Missouri,335695.0,661400.0,258298.0,1.24,5.47,75823.0,4.21,10.78,17958.0,15842.0,2581.0,0.508
2021-01-26,Missouri,340273.0,665300.0,262230.0,1.25,5.54,76467.0,4.27,10.84,4578.0,14860.0,2421.0,0.511
2021-01-27,Missouri,358150.0,750175.0,276990.0,1.3,5.84,79526.0,4.51,12.22,17877.0,16239.0,2646.0,0.47700000000000004
2021-01-28,Missouri,382552.0,822850.0,294872.0,1.4,6.23,85827.0,4.8,13.41,24402.0,16739.0,2727.0,0.465
2021-01-29,Missouri,408441.0,834700.0,313161.0,1.51,6.65,92389.0,5.1,13.6,25889.0,17535.0,2857.0,0.489
2021-01-30,Missouri,408441.0,835400.0,313161.0,1.51,6.65,92389.0,5.1,13.61,0.0,16674.0,2717.0,0.489
2021-01-31,Missouri,444384.0,835400.0,340708.0,1.63,7.24,100237.0,5.55,13.61,35943.0,18092.0,2948.0,0.532
2021-02-01,Missouri,462202.0,835400.0,355387.0,1.68,7.53,103241.0,5.79,13.61,17818.0,18072.0,2945.0,0.5529999999999999
2021-02-02,Missouri,466406.0,824100.0,358762.0,1.7,7.6,104063.0,5.85,13.43,4204.0,18019.0,2936.0,0.5660000000000001
2021-02-03,Missouri,482112.0,904250.0,371382.0,1.74,7.86,106842.0,6.05,14.73,15706.0,17709.0,2885.0,0.5329999999999999
2021-02-04,Missouri,505207.0,945850.0,388692.0,1.83,8.23,112106.0,6.33,15.41,23095.0,17522.0,2855.0,0.534
2021-02-05,Missouri,536188.0,957550.0,412990.0,1.93,8.74,118308.0,6.73,15.6,30981.0,18250.0,2974.0,0.56
2021-02-06,Missouri,583949.0,961525.0,448830.0,2.11,9.51,129273.0,7.31,15.67,47761.0,25073.0,4085.0,0.607
2021-02-07,Missouri,625152.0,961525.0,477412.0,2.3,10.19,141134.0,7.78,15.67,41203.0,25824.0,4208.0,0.65
2021-02-08,Missouri,643439.0,961525.0,490686.0,2.38,10.48,146137.0,7.99,15.67,18287.0,25891.0,4219.0,0.669
2021-02-09,Missouri,646863.0,962500.0,492766.0,2.4,10.54,147466.0,8.03,15.68,3424.0,25780.0,4200.0,0.672
2021-02-10,Missouri,669658.0,1021500.0,507801.0,2.53,10.91,154987.0,8.27,16.64,22795.0,26792.0,4365.0,0.6559999999999999
2021-02-11,Missouri,694992.0,1058775.0,524638.0,2.66,11.32,163157.0,8.55,17.25,25334.0,27112.0,4417.0,0.6559999999999999
2021-02-12,Missouri,717483.0,1116475.0,537256.0,2.82,11.69,172953.0,8.75,18.19,22491.0,25899.0,4220.0,0.643
2021-02-13,Missouri,806902.0,1129875.0,592128.0,3.35,13.15,205645.0,9.65,18.41,89419.0,31850.0,5189.0,0.7140000000000001
2021-02-14,Missouri,848026.0,1129975.0,613292.0,3.67,13.82,225467.0,9.99,18.41,41124.0,31839.0,5188.0,0.75
2021-02-15,Missouri,,,,,,,,,15457.5,31435.0,5122.0,
2021-02-16,Missouri,878941.0,1138575.0,630838.0,3.89,14.32,238767.0,10.28,18.55,15457.5,33154.0,5402.0,0.772
2021-02-17,Missouri,892006.0,1138675.0,637707.0,3.99,14.53,244879.0,10.39,18.55,13065.0,31764.0,5175.0,0.7829999999999999
2021-02-18,Missouri,915475.0,1144775.0,646707.0,4.22,14.92,259295.0,10.54,18.65,23469.0,31498.0,5132.0,0.8
2021-02-19,Missouri,1014248.0,1222875.0,708969.0,4.81,16.53,295456.0,11.55,19.92,98773.0,42395.0,6908.0,0.8290000000000001
2021-02-20,Missouri,1042872.0,1275555.0,723937.0,5.03,16.99,308971.0,11.8,20.78,28624.0,33710.0,5493.0,0.818
2021-02-21,Missouri,1083721.0,1275555.0,736999.0,5.48,17.66,336446.0,12.01,20.78,40849.0,33671.0,5486.0,0.85
2021-02-22,Missouri,1103908.0,1275555.0,745007.0,5.68,17.99,348584.0,12.14,20.78,20187.0,34346.0,5596.0,0.865
2021-02-23,Missouri,1110913.0,1315095.0,747804.0,5.75,18.1,352782.0,12.18,21.43,7005.0,33139.0,5399.0,0.845
2021-02-24,Missouri,1137233.0,1519205.0,759724.0,5.98,18.53,366980.0,12.38,24.75,26320.0,35032.0,5708.0,0.7490000000000001
2021-02-25,Missouri,1167787.0,1527195.0,772358.0,6.27,19.03,384758.0,12.58,24.88,30554.0,36045.0,5873.0,0.765
2021-02-26,Missouri,1213449.0,1670085.0,802802.0,6.51,19.77,399851.0,13.08,27.21,45662.0,28457.0,4637.0,0.727
2021-02-27,Missouri,1278087.0,1694635.0,834145.0,7.05,20.82,432728.0,13.59,27.61,64638.0,33602.0,5475.0,0.754
2021-02-28,Missouri,1279404.0,1694635.0,835208.0,7.05,20.85,432982.0,13.61,27.61,1317.0,27955.0,4555.0,0.755
2021-03-01,Missouri,1375027.0,1694635.0,894338.0,7.57,22.4,464382.0,14.57,27.61,95623.0,38731.0,6311.0,0.8109999999999999
2021-03-02,Missouri,1384067.0,1709605.0,901269.0,7.6,22.55,466460.0,14.68,27.86,9040.0,39022.0,6358.0,0.81
2021-03-03,Missouri,1415806.0,1848525.0,921875.0,7.78,23.07,477486.0,15.02,30.12,31739.0,39796.0,6484.0,0.7659999999999999
2021-03-04,Missouri,1458439.0,1900855.0,945839.0,8.08,23.76,495859.0,15.41,30.97,42633.0,41522.0,6765.0,0.767
2021-03-05,Missouri,1504236.0,2029675.0,973358.0,8.37,24.51,513857.0,15.86,33.07,45797.0,41541.0,6768.0,0.741
2021-03-06,Missouri,1552157.0,2032445.0,1004113.0,8.65,25.29,530814.0,16.36,33.12,47921.0,39153.0,6379.0,0.764
2021-03-07,Missouri,1600118.0,2032445.0,1035633.0,8.91,26.07,547105.0,16.87,33.12,47961.0,45816.0,7465.0,0.787
2021-03-08,Missouri,1633864.0,2032445.0,1027201.0,8.82,26.62,541587.0,16.74,33.12,33746.0,36977.0,6025.0,0.804
2021-03-09,Missouri,1647096.0,2043505.0,1038458.0,8.87,26.84,544220.0,16.92,33.3,13232.0,37576.0,6122.0,0.8059999999999999
2021-03-10,Missouri,1685362.0,2197225.0,1060792.0,9.2,27.46,564507.0,17.28,35.8,38266.0,38508.0,6274.0,0.767
2021-03-11,Missouri,1724580.0,2249725.0,1085613.0,9.48,28.1,581876.0,17.69,36.66,39218.0,38020.0,6195.0,0.767
