date,location,total_vaccinations,total_distributed,people_vaccinated,people_fully_vaccinated_per_hundred,total_vaccinations_per_hundred,people_fully_vaccinated,people_vaccinated_per_hundred,distributed_per_hundred,daily_vaccinations_raw,daily_vaccinations,daily_vaccinations_per_million,share_doses_used
2021-01-12,Montana,42083.0,78350.0,30887.0,0.55,3.94,5843.0,2.89,7.33,,,,0.537
2021-01-13,Montana,44063.0,89550.0,31886.0,0.64,4.12,6823.0,2.98,8.38,1980.0,1980.0,1853.0,0.49200000000000005
2021-01-14,Montana,46620.0,98500.0,39103.0,,4.36,,3.66,9.22,2557.0,2268.0,2122.0,0.473
2021-01-15,Montana,49364.0,98500.0,41160.0,0.77,4.62,8193.0,3.85,9.22,2744.0,2427.0,2271.0,0.501
2021-01-16,Montana,,,,,,,,,1632.25,2228.0,2085.0,
2021-01-17,Montana,,,,,,,,,1632.25,2109.0,1973.0,
2021-01-18,Montana,,,,,,,,,1632.25,2030.0,1899.0,
2021-01-19,Montana,55893.0,98500.0,47209.0,0.81,5.23,8671.0,4.42,9.22,1632.25,1973.0,1846.0,0.5670000000000001
2021-01-20,Montana,57220.0,111625.0,48086.0,0.85,5.35,9121.0,4.5,10.44,1327.0,1880.0,1759.0,0.513
2021-01-21,Montana,60389.0,112125.0,50413.0,0.93,5.65,9962.0,4.72,10.49,3169.0,1967.0,1840.0,0.539
2021-01-22,Montana,66348.0,119500.0,54453.0,1.11,6.21,11878.0,5.09,11.18,5959.0,2426.0,2270.0,0.555
2021-01-23,Montana,72544.0,119500.0,59289.0,1.24,6.79,13235.0,5.55,11.18,6196.0,3078.0,2880.0,0.607
2021-01-24,Montana,76590.0,119500.0,62498.0,1.32,7.17,14071.0,5.85,11.18,4046.0,3423.0,3203.0,0.6409999999999999
2021-01-25,Montana,77356.0,119500.0,63224.0,1.32,7.24,14111.0,5.92,11.18,766.0,3299.0,3087.0,0.647
2021-01-26,Montana,77748.0,119500.0,63481.0,1.33,7.27,14245.0,5.94,11.18,392.0,3122.0,2921.0,0.6509999999999999
2021-01-27,Montana,81169.0,133025.0,65746.0,1.44,7.59,15397.0,6.15,12.45,3421.0,3421.0,3201.0,0.61
2021-01-28,Montana,86213.0,138725.0,68032.0,1.7,8.07,18149.0,6.37,12.98,5044.0,3689.0,3452.0,0.621
2021-01-29,Montana,92589.0,141650.0,71534.0,1.97,8.66,21007.0,6.69,13.25,6376.0,3749.0,3508.0,0.654
2021-01-30,Montana,99272.0,141650.0,75432.0,2.23,9.29,23785.0,7.06,13.25,6683.0,3818.0,3572.0,0.701
2021-01-31,Montana,104525.0,141650.0,79584.0,2.33,9.78,24885.0,7.45,13.25,5253.0,3991.0,3734.0,0.738
2021-02-01,Montana,106145.0,141650.0,80627.0,2.38,9.93,25438.0,7.54,13.25,1620.0,4113.0,3848.0,0.7490000000000001
2021-02-02,Montana,107324.0,141650.0,81420.0,2.42,10.04,25824.0,7.62,13.25,1179.0,4225.0,3953.0,0.758
2021-02-03,Montana,110374.0,157275.0,83875.0,2.46,10.33,26345.0,7.85,14.72,3050.0,4172.0,3904.0,0.7020000000000001
2021-02-04,Montana,116148.0,163675.0,87042.0,2.71,10.87,28942.0,8.14,15.31,5774.0,4276.0,4001.0,0.71
2021-02-05,Montana,122536.0,163675.0,91611.0,2.88,11.47,30749.0,8.57,15.31,6388.0,4278.0,4003.0,0.7490000000000001
2021-02-06,Montana,130883.0,163675.0,96394.0,3.2,12.25,34207.0,9.02,15.31,8347.0,4516.0,4225.0,0.8
2021-02-07,Montana,137765.0,163675.0,101262.0,3.39,12.89,36195.0,9.47,15.31,6882.0,4749.0,4443.0,0.8420000000000001
2021-02-08,Montana,139273.0,163675.0,102365.0,3.42,13.03,36596.0,9.58,15.31,1508.0,4733.0,4428.0,0.851
2021-02-09,Montana,140124.0,164650.0,102903.0,3.45,13.11,36907.0,9.63,15.41,851.0,4686.0,4384.0,0.851
2021-02-10,Montana,144343.0,192125.0,106038.0,3.55,13.51,37966.0,9.92,17.98,4219.0,4853.0,4541.0,0.7509999999999999
2021-02-11,Montana,149339.0,192125.0,109266.0,3.72,13.97,39710.0,10.22,17.98,4996.0,4742.0,4437.0,0.777
2021-02-12,Montana,157695.0,194325.0,115415.0,3.92,14.75,41895.0,10.8,18.18,8356.0,5023.0,4700.0,0.812
2021-02-13,Montana,167360.0,199825.0,122026.0,4.2,15.66,44935.0,11.42,18.7,9665.0,5211.0,4876.0,0.838
2021-02-14,Montana,176810.0,199825.0,127657.0,4.56,16.54,48739.0,11.94,18.7,9450.0,5578.0,5219.0,0.885
2021-02-15,Montana,,,,,,,,,2427.5,5709.0,5342.0,
2021-02-16,Montana,181665.0,207250.0,130926.0,4.71,17.0,50311.0,12.25,19.39,2427.5,5934.0,5552.0,0.877
2021-02-17,Montana,184579.0,207250.0,132847.0,4.8,17.27,51293.0,12.43,19.39,2914.0,5748.0,5378.0,0.8909999999999999
2021-02-18,Montana,190070.0,208225.0,136359.0,4.98,17.78,53250.0,12.76,19.48,5491.0,5819.0,5445.0,0.9129999999999999
2021-02-19,Montana,221225.0,250795.0,157930.0,5.86,20.7,62657.0,14.78,23.47,31155.0,9076.0,8492.0,0.882
2021-02-20,Montana,228890.0,259215.0,161546.0,6.23,21.42,66619.0,15.12,24.25,7665.0,8790.0,8224.0,0.883
2021-02-21,Montana,237099.0,259215.0,165472.0,6.63,22.18,70876.0,15.48,24.25,8209.0,8613.0,8059.0,0.915
2021-02-22,Montana,240814.0,259215.0,167797.0,6.76,22.53,72256.0,15.7,24.25,3715.0,8797.0,8231.0,0.929
2021-02-23,Montana,243015.0,260385.0,169164.0,6.84,22.74,73080.0,15.83,24.36,2201.0,8764.0,8200.0,0.9329999999999999
2021-02-24,Montana,246626.0,301215.0,170615.0,7.04,23.08,75223.0,15.96,28.18,3611.0,8864.0,8294.0,0.8190000000000001
2021-02-25,Montana,252295.0,306415.0,173329.0,7.31,23.61,78135.0,16.22,28.67,5669.0,8889.0,8317.0,0.823
2021-02-26,Montana,260990.0,319315.0,178355.0,7.65,24.42,81762.0,16.69,29.88,8695.0,5681.0,5315.0,0.8170000000000001
2021-02-27,Montana,271075.0,341645.0,183015.0,8.16,25.36,87159.0,17.12,31.97,10085.0,6026.0,5638.0,0.7929999999999999
2021-02-28,Montana,281422.0,341645.0,187865.0,8.67,26.33,92632.0,17.58,31.97,10347.0,6332.0,5925.0,0.8240000000000001
2021-03-01,Montana,284679.0,341645.0,190126.0,8.76,26.64,93625.0,17.79,31.97,3257.0,6266.0,5863.0,0.833
2021-03-02,Montana,286163.0,342145.0,190695.0,8.85,26.77,94538.0,17.84,32.01,1484.0,6164.0,5767.0,0.836
2021-03-03,Montana,291572.0,370485.0,193790.0,9.06,27.28,96839.0,18.13,34.66,5409.0,6421.0,6008.0,0.787
2021-03-04,Montana,301007.0,387485.0,198533.0,9.5,28.16,101513.0,18.58,36.25,9435.0,6959.0,6511.0,0.777
2021-03-05,Montana,312296.0,404125.0,204269.0,10.02,29.22,107045.0,19.11,37.81,11289.0,7329.0,6857.0,0.773
2021-03-06,Montana,324102.0,411145.0,209655.0,10.6,30.32,113254.0,19.62,38.47,11806.0,7575.0,7088.0,0.7879999999999999
2021-03-07,Montana,337005.0,411145.0,216011.0,11.21,31.53,119764.0,20.21,38.47,12903.0,7940.0,7429.0,0.82
2021-03-08,Montana,341554.0,411145.0,219236.0,11.5,31.96,122866.0,20.51,38.47,4549.0,8125.0,7602.0,0.831
2021-03-09,Montana,343597.0,414385.0,220672.0,11.57,32.15,123617.0,20.65,38.77,2043.0,8205.0,7677.0,0.8290000000000001
2021-03-10,Montana,349631.0,446835.0,224812.0,11.8,32.71,126093.0,21.03,41.81,6034.0,8294.0,7760.0,0.782
2021-03-11,Montana,359446.0,450635.0,230731.0,12.26,33.63,131017.0,21.59,42.16,9815.0,8348.0,7811.0,0.7979999999999999
