date,location,total_vaccinations,total_distributed,people_vaccinated,people_fully_vaccinated_per_hundred,total_vaccinations_per_hundred,people_fully_vaccinated,people_vaccinated_per_hundred,distributed_per_hundred,daily_vaccinations_raw,daily_vaccinations,daily_vaccinations_per_million,share_doses_used
2021-01-12,Nevada,61653.0,207150.0,31320.0,0.28,2.0,8761.0,1.02,6.73,,,,0.298
2021-01-13,Nevada,61653.0,207150.0,31320.0,0.28,2.0,8761.0,1.02,6.73,0.0,0.0,0.0,0.298
2021-01-14,Nevada,76844.0,210075.0,62370.0,,2.49,,2.02,6.82,15191.0,7596.0,2466.0,0.366
2021-01-15,Nevada,83674.0,211750.0,67679.0,0.5,2.72,15308.0,2.2,6.87,6830.0,7340.0,2383.0,0.395
2021-01-16,Nevada,,,,,,,,,4791.5,6703.0,2176.0,
2021-01-17,Nevada,,,,,,,,,4791.5,6321.0,2052.0,
2021-01-18,Nevada,,,,,,,,,4791.5,6066.0,1969.0,
2021-01-19,Nevada,102840.0,211750.0,85391.0,0.54,3.34,16665.0,2.77,6.87,4791.5,5884.0,1910.0,0.486
2021-01-20,Nevada,107133.0,276775.0,89110.0,0.56,3.48,17209.0,2.89,8.99,4293.0,6497.0,2109.0,0.387
2021-01-21,Nevada,115991.0,278175.0,95837.0,0.63,3.77,19296.0,3.11,9.03,8858.0,5592.0,1815.0,0.41700000000000004
2021-01-22,Nevada,126458.0,281100.0,105222.0,0.66,4.11,20345.0,3.42,9.13,10467.0,6112.0,1984.0,0.45
2021-01-23,Nevada,137031.0,286950.0,115160.0,0.68,4.45,20972.0,3.74,9.32,10573.0,6938.0,2252.0,0.478
2021-01-24,Nevada,152203.0,286950.0,129223.0,0.72,4.94,22068.0,4.2,9.32,15172.0,8421.0,2734.0,0.53
2021-01-25,Nevada,159869.0,286950.0,136670.0,0.72,5.19,22279.0,4.44,9.32,7666.0,8832.0,2867.0,0.557
2021-01-26,Nevada,164362.0,338025.0,140934.0,0.73,5.34,22508.0,4.58,10.97,4493.0,8789.0,2853.0,0.486
2021-01-27,Nevada,174367.0,338525.0,149464.0,0.77,5.66,23852.0,4.85,10.99,10005.0,9605.0,3118.0,0.515
2021-01-28,Nevada,194942.0,339500.0,167481.0,0.85,6.33,26327.0,5.44,11.02,20575.0,11279.0,3662.0,0.574
2021-01-29,Nevada,210185.0,339900.0,179805.0,0.95,6.82,29163.0,5.84,11.04,15243.0,11961.0,3883.0,0.618
2021-01-30,Nevada,224192.0,368800.0,191175.0,1.03,7.28,31783.0,6.21,11.97,14007.0,12452.0,4043.0,0.608
2021-01-31,Nevada,241078.0,368800.0,205892.0,1.1,7.83,33923.0,6.68,11.97,16886.0,12696.0,4122.0,0.654
2021-02-01,Nevada,248754.0,368800.0,211931.0,1.15,8.08,35559.0,6.88,11.97,7676.0,12698.0,4123.0,0.674
2021-02-02,Nevada,253174.0,417175.0,214342.0,1.22,8.22,37568.0,6.96,13.54,4420.0,12687.0,4119.0,0.607
2021-02-03,Nevada,279471.0,417875.0,236799.0,1.34,9.07,41227.0,7.69,13.57,26297.0,15015.0,4875.0,0.669
2021-02-04,Nevada,291601.0,424800.0,244381.0,1.48,9.47,45735.0,7.93,13.79,12130.0,13808.0,4483.0,0.6859999999999999
2021-02-05,Nevada,304323.0,425300.0,252886.0,1.62,9.88,49925.0,8.21,13.81,12722.0,13448.0,4366.0,0.716
2021-02-06,Nevada,322252.0,427800.0,264060.0,1.83,10.46,56456.0,8.57,13.89,17929.0,14009.0,4548.0,0.753
2021-02-07,Nevada,334073.0,427800.0,269657.0,2.03,10.85,62654.0,8.75,13.89,11821.0,13285.0,4313.0,0.7809999999999999
2021-02-08,Nevada,346685.0,427800.0,278091.0,2.17,11.26,66755.0,9.03,13.89,12612.0,13990.0,4542.0,0.81
2021-02-09,Nevada,351531.0,510200.0,282040.0,2.2,11.41,67651.0,9.16,16.56,4846.0,14051.0,4562.0,0.6890000000000001
2021-02-10,Nevada,366333.0,521200.0,291370.0,2.37,11.89,73088.0,9.46,16.92,14802.0,12409.0,4029.0,0.703
2021-02-11,Nevada,379077.0,533800.0,299502.0,2.52,12.31,77555.0,9.72,17.33,12744.0,12497.0,4057.0,0.71
2021-02-12,Nevada,394172.0,533800.0,308611.0,2.71,12.8,83485.0,10.02,17.33,15095.0,12836.0,4167.0,0.738
2021-02-13,Nevada,411057.0,533800.0,318400.0,2.94,13.35,90476.0,10.34,17.33,16885.0,12686.0,4119.0,0.77
2021-02-14,Nevada,428423.0,534775.0,327691.0,3.2,13.91,98469.0,10.64,17.36,17366.0,13479.0,4376.0,0.8009999999999999
2021-02-15,Nevada,,,,,,,,,9188.5,12990.0,4217.0,
2021-02-16,Nevada,446800.0,550375.0,336432.0,3.5,14.51,107905.0,10.92,17.87,9188.5,13610.0,4419.0,0.812
2021-02-17,Nevada,453012.0,593275.0,340695.0,3.57,14.71,109852.0,11.06,19.26,6212.0,12383.0,4020.0,0.764
2021-02-18,Nevada,466981.0,593275.0,346585.0,3.83,15.16,117870.0,11.25,19.26,13969.0,12558.0,4077.0,0.787
2021-02-19,Nevada,522332.0,645250.0,380921.0,4.5,16.96,138633.0,12.37,20.95,55351.0,18309.0,5944.0,0.81
2021-02-20,Nevada,555742.0,646450.0,393813.0,5.11,18.04,157477.0,12.79,20.99,33410.0,20669.0,6710.0,0.86
2021-02-21,Nevada,569810.0,646450.0,400079.0,5.37,18.5,165269.0,12.99,20.99,14068.0,20198.0,6557.0,0.8809999999999999
2021-02-22,Nevada,586518.0,646450.0,405633.0,5.73,19.04,176341.0,13.17,20.99,16708.0,21272.0,6906.0,0.907
2021-02-23,Nevada,598423.0,719880.0,410093.0,5.96,19.43,183594.0,13.31,23.37,11905.0,21660.0,7032.0,0.831
2021-02-24,Nevada,606821.0,742630.0,414262.0,6.1,19.7,187809.0,13.45,24.11,8398.0,21973.0,7134.0,0.8170000000000001
2021-02-25,Nevada,622189.0,809180.0,423010.0,6.31,20.2,194377.0,13.73,26.27,15368.0,22173.0,7199.0,0.769
2021-02-26,Nevada,642562.0,858340.0,432134.0,6.67,20.86,205500.0,14.03,27.87,20373.0,17176.0,5576.0,0.7490000000000001
2021-02-27,Nevada,665577.0,867240.0,442140.0,7.09,21.61,218299.0,14.35,28.16,23015.0,15691.0,5094.0,0.767
2021-02-28,Nevada,685692.0,867240.0,452515.0,7.4,22.26,227816.0,14.69,28.16,20115.0,16555.0,5375.0,0.7909999999999999
2021-03-01,Nevada,715121.0,867240.0,463388.0,7.81,23.22,240683.0,15.04,28.16,29429.0,18372.0,5965.0,0.825
2021-03-02,Nevada,723182.0,883370.0,467471.0,7.94,23.48,244622.0,15.18,28.68,8061.0,17823.0,5786.0,0.8190000000000001
2021-03-03,Nevada,733953.0,958450.0,473373.0,8.1,23.83,249472.0,15.37,31.12,10771.0,18162.0,5896.0,0.7659999999999999
2021-03-04,Nevada,750160.0,984300.0,483286.0,8.3,24.35,255738.0,15.69,31.96,16207.0,18282.0,5935.0,0.762
2021-03-05,Nevada,773285.0,1018580.0,498485.0,8.56,25.11,263586.0,16.18,33.07,23125.0,18675.0,6063.0,0.759
2021-03-06,Nevada,800030.0,1033680.0,514395.0,8.91,25.97,274394.0,16.7,33.56,26745.0,19208.0,6236.0,0.774
2021-03-07,Nevada,829262.0,1033680.0,532659.0,9.26,26.92,285336.0,17.29,33.56,29232.0,20510.0,6659.0,0.802
2021-03-08,Nevada,855890.0,1033680.0,539447.0,9.57,27.79,294908.0,17.51,33.56,26628.0,20110.0,6529.0,0.828
2021-03-09,Nevada,864967.0,1124830.0,544881.0,9.69,28.08,298403.0,17.69,36.52,9077.0,20255.0,6576.0,0.769
2021-03-10,Nevada,878645.0,1137630.0,553065.0,9.88,28.53,304199.0,17.96,36.93,13678.0,20670.0,6711.0,0.772
2021-03-11,Nevada,904504.0,1161380.0,568912.0,10.28,29.37,316682.0,18.47,37.71,25859.0,22049.0,7158.0,0.779
