date,location,total_vaccinations,total_distributed,people_vaccinated,people_fully_vaccinated_per_hundred,total_vaccinations_per_hundred,people_fully_vaccinated,people_vaccinated_per_hundred,distributed_per_hundred,daily_vaccinations_raw,daily_vaccinations,daily_vaccinations_per_million,share_doses_used
2021-01-12,Puerto Rico,74559.0,277200.0,61486.0,0.24,2.33,7666.0,1.93,8.68,,,,0.26899999999999996
2021-01-13,Puerto Rico,84432.0,305475.0,67475.0,0.36,2.64,11550.0,2.11,9.56,9873.0,9873.0,3091.0,0.276
2021-01-14,Puerto Rico,94880.0,305475.0,80310.0,,2.97,,2.51,9.56,10448.0,10160.0,3181.0,0.311
2021-01-15,Puerto Rico,104137.0,311325.0,87512.0,0.51,3.26,16360.0,2.74,9.75,9257.0,9859.0,3087.0,0.33399999999999996
2021-01-16,Puerto Rico,,,,,,,,,6348.25,8982.0,2812.0,
2021-01-17,Puerto Rico,,,,,,,,,6348.25,8455.0,2647.0,
2021-01-18,Puerto Rico,,,,,,,,,6348.25,8104.0,2538.0,
2021-01-19,Puerto Rico,129530.0,311325.0,107661.0,0.67,4.06,21368.0,3.37,9.75,6348.25,7853.0,2459.0,0.41600000000000004
2021-01-20,Puerto Rico,136630.0,312450.0,112524.0,0.73,4.28,23428.0,3.52,9.78,7100.0,7457.0,2335.0,0.43700000000000006
2021-01-21,Puerto Rico,147795.0,327950.0,120250.0,0.83,4.63,26627.0,3.77,10.27,11165.0,7559.0,2367.0,0.451
2021-01-22,Puerto Rico,161528.0,337350.0,128284.0,1.01,5.06,32181.0,4.02,10.56,13733.0,8199.0,2567.0,0.479
2021-01-23,Puerto Rico,173242.0,371550.0,136400.0,1.12,5.42,35705.0,4.27,11.63,11714.0,8965.0,2807.0,0.466
2021-01-24,Puerto Rico,184173.0,371550.0,143910.0,1.22,5.77,39016.0,4.51,11.63,10931.0,9620.0,3012.0,0.496
2021-01-25,Puerto Rico,187617.0,371550.0,146984.0,1.23,5.87,39384.0,4.6,11.63,3444.0,9205.0,2882.0,0.505
2021-01-26,Puerto Rico,188681.0,416900.0,147910.0,1.24,5.91,39522.0,4.63,13.05,1064.0,8450.0,2646.0,0.45299999999999996
2021-01-27,Puerto Rico,199762.0,506425.0,156071.0,1.33,6.25,42437.0,4.89,15.86,11081.0,9019.0,2824.0,0.39399999999999996
2021-01-28,Puerto Rico,212179.0,525000.0,165862.0,1.41,6.64,45057.0,5.19,16.44,12417.0,9198.0,2880.0,0.40399999999999997
2021-01-29,Puerto Rico,224303.0,530850.0,174840.0,1.51,7.02,48196.0,5.47,16.62,12124.0,8968.0,2808.0,0.423
2021-01-30,Puerto Rico,236060.0,530950.0,183630.0,1.6,7.39,51159.0,5.75,16.62,11757.0,8974.0,2810.0,0.445
2021-01-31,Puerto Rico,249394.0,530950.0,193842.0,1.7,7.81,54276.0,6.07,16.62,13334.0,9317.0,2917.0,0.47
2021-02-01,Puerto Rico,253439.0,530950.0,197187.0,1.72,7.94,54972.0,6.17,16.62,4045.0,9403.0,2944.0,0.47700000000000004
2021-02-02,Puerto Rico,253439.0,535525.0,197187.0,1.72,7.94,54972.0,6.17,16.77,0.0,9251.0,2897.0,0.473
2021-02-03,Puerto Rico,266671.0,605425.0,206430.0,1.85,8.35,58951.0,6.46,18.96,13232.0,9558.0,2993.0,0.44
2021-02-04,Puerto Rico,278321.0,621025.0,214661.0,1.95,8.71,62336.0,6.72,19.45,11650.0,9449.0,2959.0,0.44799999999999995
2021-02-05,Puerto Rico,288024.0,623325.0,221431.0,2.04,9.02,65261.0,6.93,19.52,9703.0,9103.0,2850.0,0.462
2021-02-06,Puerto Rico,299694.0,624025.0,229133.0,2.17,9.38,69224.0,7.17,19.54,11670.0,9091.0,2847.0,0.48
2021-02-07,Puerto Rico,299694.0,624025.0,229133.0,2.17,9.38,69224.0,7.17,19.54,0.0,7186.0,2250.0,0.48
2021-02-08,Puerto Rico,299694.0,624025.0,229133.0,2.17,9.38,69224.0,7.17,19.54,0.0,6608.0,2069.0,0.48
2021-02-09,Puerto Rico,314047.0,630850.0,236882.0,2.37,9.83,75814.0,7.42,19.75,14353.0,8658.0,2711.0,0.498
2021-02-10,Puerto Rico,324368.0,651350.0,242200.0,2.53,10.16,80807.0,7.58,20.39,10321.0,8242.0,2581.0,0.498
2021-02-11,Puerto Rico,336959.0,706500.0,248934.0,2.71,10.55,86660.0,7.79,22.12,12591.0,8377.0,2623.0,0.47700000000000004
2021-02-12,Puerto Rico,336959.0,706600.0,248934.0,2.71,10.55,86660.0,7.79,22.12,0.0,6991.0,2189.0,0.47700000000000004
2021-02-13,Puerto Rico,370837.0,706800.0,266635.0,3.22,11.61,102807.0,8.35,22.13,33878.0,10163.0,3182.0,0.525
2021-02-14,Puerto Rico,382721.0,706800.0,272485.0,3.41,11.98,108793.0,8.53,22.13,11884.0,11861.0,3714.0,0.541
2021-02-15,Puerto Rico,,,,,,,,,2229.5,12180.0,3814.0,
2021-02-16,Puerto Rico,387180.0,716800.0,274733.0,3.48,12.12,111002.0,8.6,22.44,2229.5,10448.0,3271.0,0.54
2021-02-17,Puerto Rico,392136.0,716800.0,277616.0,3.54,12.28,113075.0,8.69,22.44,4956.0,9681.0,3031.0,0.547
2021-02-18,Puerto Rico,408058.0,733200.0,284163.0,3.83,12.78,122443.0,8.9,22.96,15922.0,10157.0,3180.0,0.557
2021-02-19,Puerto Rico,448755.0,764700.0,308150.0,4.36,14.05,139129.0,9.65,23.94,40697.0,15971.0,5001.0,0.5870000000000001
2021-02-20,Puerto Rico,463527.0,806625.0,314053.0,4.63,14.51,147986.0,9.83,25.26,14772.0,13241.0,4146.0,0.575
2021-02-21,Puerto Rico,476475.0,806625.0,320383.0,4.84,14.92,154598.0,10.03,25.26,12948.0,13393.0,4194.0,0.591
2021-02-22,Puerto Rico,476647.0,806625.0,320423.0,4.84,14.92,154730.0,10.03,25.26,172.0,13100.0,4102.0,0.591
2021-02-23,Puerto Rico,480439.0,813170.0,322212.0,4.91,15.04,156724.0,10.09,25.46,3792.0,13323.0,4172.0,0.591
2021-02-24,Puerto Rico,495114.0,922600.0,329107.0,5.15,15.5,164485.0,10.3,28.89,14675.0,14711.0,4606.0,0.537
2021-02-25,Puerto Rico,510041.0,971910.0,336310.0,5.39,15.97,172198.0,10.53,30.43,14927.0,14569.0,4562.0,0.525
2021-02-26,Puerto Rico,536377.0,995210.0,348306.0,5.84,16.79,186526.0,10.91,31.16,26336.0,12517.0,3919.0,0.539
2021-02-27,Puerto Rico,538085.0,1036820.0,349018.0,5.87,16.85,187522.0,10.93,32.46,1708.0,10651.0,3335.0,0.519
2021-02-28,Puerto Rico,549615.0,1036820.0,353292.0,6.1,17.21,194732.0,11.06,32.46,11530.0,10449.0,3272.0,0.53
2021-03-01,Puerto Rico,554664.0,1036820.0,356630.0,6.15,17.37,196380.0,11.17,32.46,5049.0,11145.0,3490.0,0.535
2021-03-02,Puerto Rico,554694.0,1056070.0,356652.0,6.15,17.37,196388.0,11.17,33.07,30.0,10608.0,3322.0,0.525
2021-03-03,Puerto Rico,568025.0,1135850.0,363587.0,6.35,17.79,202776.0,11.38,35.57,13331.0,10416.0,3261.0,0.5
2021-03-04,Puerto Rico,595224.0,1172550.0,376924.0,6.78,18.64,216614.0,11.8,36.71,27199.0,12169.0,3810.0,0.508
2021-03-05,Puerto Rico,596130.0,1230670.0,377558.0,6.79,18.67,216886.0,11.82,38.53,906.0,8536.0,2673.0,0.484
2021-03-06,Puerto Rico,611567.0,1250670.0,386791.0,6.99,19.15,223084.0,12.11,39.16,15437.0,10497.0,3287.0,0.489
2021-03-07,Puerto Rico,628400.0,1250670.0,396923.0,7.19,19.68,229772.0,12.43,39.16,16833.0,11255.0,3524.0,0.502
2021-03-08,Puerto Rico,633344.0,1250670.0,402670.0,7.25,19.83,231579.0,12.61,39.16,4944.0,11240.0,3519.0,0.506
2021-03-09,Puerto Rico,635352.0,1256170.0,404145.0,7.27,19.89,232141.0,12.65,39.33,2008.0,11523.0,3608.0,0.506
2021-03-10,Puerto Rico,674636.0,1343520.0,427506.0,7.79,21.12,248683.0,13.39,42.07,39284.0,15230.0,4769.0,0.502
2021-03-11,Puerto Rico,675568.0,1377520.0,428103.0,7.8,21.15,249152.0,13.4,43.13,932.0,11478.0,3594.0,0.49
