date,location,total_vaccinations,total_distributed,people_vaccinated,people_fully_vaccinated_per_hundred,total_vaccinations_per_hundred,people_fully_vaccinated,people_vaccinated_per_hundred,distributed_per_hundred,daily_vaccinations_raw,daily_vaccinations,daily_vaccinations_per_million,share_doses_used
2021-01-12,Republic of Palau,416.0,6000.0,416.0,,2.32,,2.32,33.51,,,,0.069
2021-01-13,Republic of Palau,725.0,6000.0,725.0,,4.05,,4.05,33.51,309.0,309.0,17256.0,0.121
2021-01-14,Republic of Palau,766.0,6000.0,765.0,,4.28,,4.27,33.51,41.0,175.0,9773.0,0.128
2021-01-15,Republic of Palau,1119.0,6000.0,1118.0,0.01,6.25,1.0,6.24,33.51,353.0,234.0,13068.0,0.18600000000000003
2021-01-16,Republic of Palau,,,,,,,,,198.75,225.0,12565.0,
2021-01-17,Republic of Palau,,,,,,,,,198.75,220.0,12286.0,
2021-01-18,Republic of Palau,,,,,,,,,198.75,217.0,12118.0,
2021-01-19,Republic of Palau,1914.0,6000.0,1913.0,0.01,10.69,1.0,10.68,33.51,198.75,214.0,11951.0,0.319
2021-01-20,Republic of Palau,1981.0,6000.0,1980.0,0.01,11.06,1.0,11.06,33.51,67.0,179.0,9996.0,0.33
2021-01-21,Republic of Palau,2405.0,6000.0,2403.0,0.01,13.43,2.0,13.42,33.51,424.0,234.0,13068.0,0.401
2021-01-22,Republic of Palau,2405.0,6000.0,2403.0,0.01,13.43,2.0,13.42,33.51,0.0,184.0,10275.0,0.401
2021-01-23,Republic of Palau,2685.0,6000.0,2683.0,0.01,14.99,2.0,14.98,33.51,280.0,195.0,10890.0,0.44799999999999995
2021-01-24,Republic of Palau,3046.0,6000.0,3044.0,0.01,17.01,2.0,17.0,33.51,361.0,218.0,12174.0,0.508
2021-01-25,Republic of Palau,3046.0,6000.0,3044.0,0.01,17.01,2.0,17.0,33.51,0.0,190.0,10610.0,0.508
2021-01-26,Republic of Palau,3046.0,6000.0,3044.0,0.01,17.01,2.0,17.0,33.51,0.0,162.0,9047.0,0.508
2021-01-27,Republic of Palau,3046.0,6000.0,3046.0,,17.01,,17.01,33.51,0.0,152.0,8488.0,0.508
2021-01-28,Republic of Palau,3067.0,6000.0,3067.0,,17.13,,17.13,33.51,21.0,95.0,5305.0,0.511
2021-01-29,Republic of Palau,3089.0,6000.0,3088.0,0.01,17.25,1.0,17.24,33.51,22.0,98.0,5473.0,0.515
2021-01-30,Republic of Palau,3110.0,6000.0,3109.0,0.01,17.37,1.0,17.36,33.51,21.0,61.0,3406.0,0.518
2021-01-31,Republic of Palau,3110.0,6000.0,3109.0,0.01,17.37,1.0,17.36,33.51,0.0,9.0,503.0,0.518
2021-02-01,Republic of Palau,3110.0,6000.0,3109.0,0.01,17.37,1.0,17.36,33.51,0.0,9.0,503.0,0.518
2021-02-02,Republic of Palau,3172.0,6000.0,3109.0,0.35,17.71,63.0,17.36,33.51,62.0,18.0,1005.0,0.529
2021-02-03,Republic of Palau,3228.0,6000.0,3109.0,0.66,18.03,119.0,17.36,33.51,56.0,26.0,1452.0,0.5379999999999999
2021-02-04,Republic of Palau,3228.0,6000.0,3109.0,0.66,18.03,119.0,17.36,33.51,0.0,23.0,1284.0,0.5379999999999999
2021-02-05,Republic of Palau,3360.0,6000.0,3109.0,1.4,18.76,251.0,17.36,33.51,132.0,39.0,2178.0,0.56
2021-02-06,Republic of Palau,3360.0,6000.0,3109.0,1.4,18.76,251.0,17.36,33.51,0.0,36.0,2010.0,0.56
2021-02-07,Republic of Palau,3467.0,9200.0,3109.0,2.0,19.36,358.0,17.36,51.38,107.0,51.0,2848.0,0.377
2021-02-08,Republic of Palau,3467.0,9200.0,3109.0,2.0,19.36,358.0,17.36,51.38,0.0,51.0,2848.0,0.377
2021-02-09,Republic of Palau,3468.0,9200.0,3109.0,2.0,19.37,359.0,17.36,51.38,1.0,42.0,2345.0,0.377
2021-02-10,Republic of Palau,3527.0,9200.0,3109.0,2.33,19.7,418.0,17.36,51.38,59.0,43.0,2401.0,0.38299999999999995
2021-02-11,Republic of Palau,3831.0,9200.0,3109.0,4.03,21.39,722.0,17.36,51.38,304.0,86.0,4803.0,0.41600000000000004
2021-02-12,Republic of Palau,3871.0,9200.0,3109.0,4.26,21.62,762.0,17.36,51.38,40.0,73.0,4077.0,0.42100000000000004
2021-02-13,Republic of Palau,4212.0,9200.0,3109.0,6.16,23.52,1103.0,17.36,51.38,341.0,122.0,6813.0,0.45799999999999996
2021-02-14,Republic of Palau,4321.0,9200.0,3109.0,6.77,24.13,1212.0,17.36,51.38,109.0,122.0,6813.0,0.47
2021-02-15,Republic of Palau,,,,,,,,,178.0,147.0,8209.0,
2021-02-16,Republic of Palau,4677.0,9200.0,3111.0,8.75,26.12,1566.0,17.37,51.38,178.0,173.0,9661.0,0.508
2021-02-17,Republic of Palau,5011.0,9200.0,3112.0,10.6,27.98,1899.0,17.38,51.38,334.0,212.0,11839.0,0.545
2021-02-18,Republic of Palau,5314.0,9200.0,3347.0,10.98,29.68,1967.0,18.69,51.38,303.0,212.0,11839.0,0.578
2021-02-19,Republic of Palau,5727.0,9200.0,3347.0,13.29,31.98,2380.0,18.69,51.38,413.0,265.0,14799.0,0.622
2021-02-20,Republic of Palau,6025.0,9200.0,3643.0,13.3,33.65,2382.0,20.34,51.38,298.0,259.0,14464.0,0.655
2021-02-21,Republic of Palau,6314.0,9200.0,3649.0,14.88,35.26,2665.0,20.38,51.38,289.0,285.0,15916.0,0.6859999999999999
2021-02-22,Republic of Palau,6314.0,9200.0,3649.0,14.88,35.26,2665.0,20.38,51.38,0.0,259.0,14464.0,0.6859999999999999
2021-02-23,Republic of Palau,7073.0,9200.0,4054.0,16.86,39.5,3019.0,22.64,51.38,759.0,342.0,19099.0,0.769
2021-02-24,Republic of Palau,7073.0,9200.0,4054.0,16.86,39.5,3019.0,22.64,51.38,0.0,295.0,16474.0,0.769
2021-02-25,Republic of Palau,8111.0,9200.0,5083.0,16.91,45.3,3028.0,28.39,51.38,1038.0,400.0,22338.0,0.882
2021-02-26,Republic of Palau,8143.0,9200.0,5083.0,17.09,45.47,3060.0,28.39,51.38,32.0,345.0,19266.0,0.885
2021-02-27,Republic of Palau,8143.0,9200.0,5083.0,17.09,45.47,3060.0,28.39,51.38,0.0,303.0,16921.0,0.885
2021-02-28,Republic of Palau,8185.0,9200.0,5085.0,17.31,45.71,3099.0,28.4,51.38,42.0,267.0,14910.0,0.89
2021-03-01,Republic of Palau,8185.0,9200.0,5085.0,17.31,45.71,3099.0,28.4,51.38,0.0,267.0,14910.0,0.89
2021-03-02,Republic of Palau,8185.0,14600.0,5085.0,17.31,45.71,3099.0,28.4,81.53,0.0,159.0,8879.0,0.561
2021-03-03,Republic of Palau,8185.0,14600.0,5085.0,17.31,45.71,3099.0,28.4,81.53,0.0,159.0,8879.0,0.561
2021-03-04,Republic of Palau,8185.0,14600.0,5085.0,17.31,45.71,3099.0,28.4,81.53,0.0,11.0,614.0,0.561
2021-03-05,Republic of Palau,8185.0,14600.0,5085.0,17.31,45.71,3099.0,28.4,81.53,0.0,6.0,335.0,0.561
2021-03-06,Republic of Palau,8185.0,14600.0,5085.0,17.31,45.71,3099.0,28.4,81.53,0.0,6.0,335.0,0.561
2021-03-07,Republic of Palau,8185.0,14600.0,5085.0,17.31,45.71,3099.0,28.4,81.53,0.0,0.0,0.0,0.561
2021-03-08,Republic of Palau,8185.0,14600.0,5147.0,17.47,45.71,3129.0,28.74,81.53,0.0,0.0,0.0,0.561
2021-03-09,Republic of Palau,8185.0,14800.0,5147.0,17.48,45.71,3130.0,28.74,82.65,0.0,0.0,0.0,0.5529999999999999
2021-03-10,Republic of Palau,8586.0,14800.0,5550.0,17.5,47.95,3134.0,30.99,82.65,401.0,57.0,3183.0,0.58
2021-03-11,Republic of Palau,8902.0,14800.0,5867.0,17.51,49.71,3136.0,32.76,82.65,316.0,102.0,5696.0,0.601
