date,location,total_vaccinations,total_distributed,people_vaccinated,people_fully_vaccinated_per_hundred,total_vaccinations_per_hundred,people_fully_vaccinated,people_vaccinated_per_hundred,distributed_per_hundred,daily_vaccinations_raw,daily_vaccinations,daily_vaccinations_per_million,share_doses_used
2021-01-12,Rhode Island,39568.0,80225.0,35385.0,0.39,3.74,4141.0,3.34,7.57,,,,0.493
2021-01-13,Rhode Island,42028.0,82175.0,36489.0,0.52,3.97,5490.0,3.44,7.76,2460.0,2460.0,2322.0,0.511
2021-01-14,Rhode Island,44871.0,84125.0,38000.0,,4.24,,3.59,7.94,2843.0,2652.0,2503.0,0.5329999999999999
2021-01-15,Rhode Island,47548.0,108425.0,39381.0,0.77,4.49,8156.0,3.72,10.23,2677.0,2660.0,2511.0,0.439
2021-01-16,Rhode Island,,,,,,,,,1633.25,2403.0,2268.0,
2021-01-17,Rhode Island,,,,,,,,,1633.25,2249.0,2123.0,
2021-01-18,Rhode Island,,,,,,,,,1633.25,2147.0,2027.0,
2021-01-19,Rhode Island,54081.0,108425.0,44164.0,0.93,5.11,9902.0,4.17,10.23,1633.25,2073.0,1957.0,0.499
2021-01-20,Rhode Island,56617.0,122575.0,45904.0,1.01,5.34,10696.0,4.33,11.57,2536.0,2084.0,1967.0,0.462
2021-01-21,Rhode Island,59014.0,127450.0,47859.0,1.05,5.57,11136.0,4.52,12.03,2397.0,2020.0,1907.0,0.46299999999999997
2021-01-22,Rhode Island,61974.0,136225.0,49932.0,1.13,5.85,12023.0,4.71,12.86,2960.0,2061.0,1946.0,0.455
2021-01-23,Rhode Island,63249.0,149225.0,50650.0,1.19,5.97,12580.0,4.78,14.09,1275.0,2010.0,1897.0,0.424
2021-01-24,Rhode Island,67566.0,149225.0,54287.0,1.25,6.38,13260.0,5.12,14.09,4317.0,2393.0,2259.0,0.45299999999999996
2021-01-25,Rhode Island,70419.0,149225.0,56751.0,1.29,6.65,13649.0,5.36,14.09,2853.0,2567.0,2423.0,0.47200000000000003
2021-01-26,Rhode Island,72264.0,151675.0,58097.0,1.34,6.82,14148.0,5.48,14.32,1845.0,2598.0,2452.0,0.47600000000000003
2021-01-27,Rhode Island,76284.0,151675.0,59853.0,1.55,7.2,16410.0,5.65,14.32,4020.0,2810.0,2653.0,0.503
2021-01-28,Rhode Island,80138.0,153625.0,61554.0,1.75,7.56,18562.0,5.81,14.5,3854.0,3018.0,2849.0,0.522
2021-01-29,Rhode Island,83607.0,157525.0,63263.0,1.92,7.89,20321.0,5.97,14.87,3469.0,3090.0,2917.0,0.531
2021-01-30,Rhode Island,88094.0,173225.0,65668.0,2.11,8.32,22401.0,6.2,16.35,4487.0,3549.0,3350.0,0.509
2021-01-31,Rhode Island,91177.0,173225.0,67744.0,2.21,8.61,23408.0,6.39,16.35,3083.0,3373.0,3184.0,0.526
2021-02-01,Rhode Island,94240.0,173225.0,68779.0,2.4,8.9,25435.0,6.49,16.35,3063.0,3403.0,3212.0,0.544
2021-02-02,Rhode Island,99541.0,176150.0,73486.0,2.46,9.4,26027.0,6.94,16.63,5301.0,3897.0,3679.0,0.565
2021-02-03,Rhode Island,101474.0,176650.0,74473.0,2.55,9.58,26973.0,7.03,16.68,1933.0,3599.0,3397.0,0.574
2021-02-04,Rhode Island,103876.0,178600.0,75963.0,2.63,9.81,27884.0,7.17,16.86,2402.0,3391.0,3201.0,0.5820000000000001
2021-02-05,Rhode Island,106949.0,178600.0,77940.0,2.74,10.1,28979.0,7.36,16.86,3073.0,3335.0,3148.0,0.599
2021-02-06,Rhode Island,111830.0,192300.0,81085.0,2.9,10.56,30711.0,7.65,18.15,4881.0,3391.0,3201.0,0.5820000000000001
2021-02-07,Rhode Island,117067.0,192300.0,83326.0,3.18,11.05,33699.0,7.87,18.15,5237.0,3699.0,3492.0,0.609
2021-02-08,Rhode Island,120484.0,192300.0,85037.0,3.34,11.37,35402.0,8.03,18.15,3417.0,3749.0,3539.0,0.627
2021-02-09,Rhode Island,122079.0,207950.0,86264.0,3.38,11.52,35770.0,8.14,19.63,1595.0,3220.0,3040.0,0.5870000000000001
2021-02-10,Rhode Island,124962.0,208350.0,87862.0,3.5,11.8,37051.0,8.29,19.67,2883.0,3355.0,3167.0,0.6
2021-02-11,Rhode Island,127931.0,211650.0,89723.0,3.6,12.08,38158.0,8.47,19.98,2969.0,3436.0,3243.0,0.604
2021-02-12,Rhode Island,131913.0,211850.0,91809.0,3.78,12.45,40051.0,8.67,20.0,3982.0,3566.0,3366.0,0.623
2021-02-13,Rhode Island,136904.0,228650.0,95258.0,3.93,12.92,41591.0,8.99,21.58,4991.0,3582.0,3381.0,0.599
2021-02-14,Rhode Island,141155.0,228650.0,97380.0,4.13,13.32,43717.0,9.19,21.58,4251.0,3441.0,3248.0,0.617
2021-02-15,Rhode Island,,,,,,,,,2932.0,3372.0,3183.0,
2021-02-16,Rhode Island,147019.0,234500.0,100448.0,4.39,13.88,46511.0,9.48,22.14,2932.0,3563.0,3363.0,0.627
2021-02-17,Rhode Island,151436.0,234500.0,103283.0,4.54,14.3,48089.0,9.75,22.14,4417.0,3782.0,3570.0,0.6459999999999999
2021-02-18,Rhode Island,159931.0,234500.0,108152.0,4.88,15.1,51711.0,10.21,22.14,8495.0,4571.0,4315.0,0.682
2021-02-19,Rhode Island,181725.0,246175.0,124576.0,5.39,17.15,57064.0,11.76,23.24,21794.0,7116.0,6717.0,0.738
2021-02-20,Rhode Island,190896.0,246175.0,131246.0,5.62,18.02,59553.0,12.39,23.24,9171.0,7713.0,7281.0,0.775
2021-02-21,Rhode Island,198626.0,246175.0,136915.0,5.82,18.75,61609.0,12.92,23.24,7730.0,8210.0,7750.0,0.807
2021-02-22,Rhode Island,206034.0,246175.0,142522.0,5.99,19.45,63410.0,13.45,23.24,7408.0,8850.0,8354.0,0.8370000000000001
2021-02-23,Rhode Island,211660.0,272255.0,147118.0,6.08,19.98,64439.0,13.89,25.7,5626.0,9234.0,8717.0,0.777
2021-02-24,Rhode Island,218499.0,292365.0,152657.0,6.2,20.63,65730.0,14.41,27.6,6839.0,9580.0,9043.0,0.747
2021-02-25,Rhode Island,226694.0,300805.0,159547.0,6.33,21.4,67029.0,15.06,28.39,8195.0,9538.0,9004.0,0.754
2021-02-26,Rhode Island,234889.0,304145.0,166299.0,6.46,22.17,68469.0,15.7,28.71,8195.0,7595.0,7169.0,0.772
2021-02-27,Rhode Island,245606.0,308415.0,174837.0,6.67,23.18,70646.0,16.5,29.11,10717.0,7816.0,7378.0,0.7959999999999999
2021-02-28,Rhode Island,256755.0,308415.0,181943.0,7.05,24.24,74687.0,17.17,29.11,11149.0,8304.0,7839.0,0.8320000000000001
2021-03-01,Rhode Island,269512.0,308415.0,190901.0,7.41,25.44,78482.0,18.02,29.11,12757.0,9068.0,8560.0,0.8740000000000001
2021-03-02,Rhode Island,275799.0,350915.0,195504.0,7.57,26.03,80162.0,18.45,33.13,6287.0,9163.0,8650.0,0.7859999999999999
2021-03-03,Rhode Island,282767.0,351515.0,200683.0,7.74,26.69,81944.0,18.94,33.18,6968.0,9181.0,8667.0,0.804
2021-03-04,Rhode Island,290963.0,354585.0,207382.0,7.88,27.47,83435.0,19.58,33.47,8196.0,9181.0,8667.0,0.821
2021-03-05,Rhode Island,300529.0,371455.0,214165.0,8.14,28.37,86212.0,20.22,35.06,9566.0,9377.0,8852.0,0.809
2021-03-06,Rhode Island,310283.0,387365.0,221043.0,8.41,29.29,89083.0,20.87,36.57,9754.0,9240.0,8722.0,0.8009999999999999
2021-03-07,Rhode Island,319369.0,387365.0,227657.0,8.64,30.15,91551.0,21.49,36.57,9086.0,8945.0,8444.0,0.8240000000000001
2021-03-08,Rhode Island,326730.0,387365.0,234708.0,8.8,30.84,93178.0,22.16,36.57,7361.0,8174.0,7716.0,0.843
2021-03-09,Rhode Island,333607.0,422115.0,240963.0,8.9,31.49,94332.0,22.75,39.85,6877.0,8258.0,7795.0,0.79
2021-03-10,Rhode Island,340997.0,424815.0,246202.0,9.18,32.19,97198.0,23.24,40.1,7390.0,8319.0,7853.0,0.8029999999999999
2021-03-11,Rhode Island,350979.0,433095.0,252545.0,9.57,33.13,101364.0,23.84,40.88,9982.0,8574.0,8094.0,0.81
