date,location,total_vaccinations,total_distributed,people_vaccinated,people_fully_vaccinated_per_hundred,total_vaccinations_per_hundred,people_fully_vaccinated,people_vaccinated_per_hundred,distributed_per_hundred,daily_vaccinations_raw,daily_vaccinations,daily_vaccinations_per_million,share_doses_used
2021-01-12,Virgin Islands,880.0,9175.0,,,0.84,,,8.76,,,,0.096
2021-01-13,Virgin Islands,1195.0,9575.0,,,1.14,,,9.15,315.0,315.0,3009.0,0.125
2021-01-14,Virgin Islands,1424.0,10750.0,1267.0,,1.36,,1.21,10.27,229.0,272.0,2598.0,0.132
2021-01-15,Virgin Islands,1631.0,11825.0,1474.0,0.15,1.56,157.0,1.41,11.3,207.0,250.0,2388.0,0.138
2021-01-16,Virgin Islands,,,,,,,,,126.0,219.0,2092.0,
2021-01-17,Virgin Islands,,,,,,,,,126.0,201.0,1920.0,
2021-01-18,Virgin Islands,,,,,,,,,126.0,188.0,1796.0,
2021-01-19,Virgin Islands,2135.0,11825.0,1970.0,0.16,2.04,165.0,1.88,11.3,126.0,179.0,1710.0,0.18100000000000002
2021-01-20,Virgin Islands,2418.0,12325.0,2178.0,0.23,2.31,240.0,2.08,11.77,283.0,175.0,1672.0,0.196
2021-01-21,Virgin Islands,2744.0,13325.0,2450.0,0.28,2.62,294.0,2.34,12.73,326.0,189.0,1806.0,0.20600000000000002
2021-01-22,Virgin Islands,3070.0,13525.0,2703.0,0.35,2.93,367.0,2.58,12.92,326.0,206.0,1968.0,0.22699999999999998
2021-01-23,Virgin Islands,3355.0,13525.0,2946.0,0.39,3.21,409.0,2.81,12.92,285.0,228.0,2178.0,0.248
2021-01-24,Virgin Islands,3378.0,13525.0,2969.0,0.39,3.23,409.0,2.84,12.92,23.0,214.0,2044.0,0.25
2021-01-25,Virgin Islands,3399.0,14500.0,2984.0,0.4,3.25,415.0,2.85,13.85,21.0,199.0,1901.0,0.23399999999999999
2021-01-26,Virgin Islands,3747.0,15700.0,3251.0,0.47,3.58,496.0,3.11,15.0,348.0,230.0,2197.0,0.239
2021-01-27,Virgin Islands,4174.0,16875.0,3538.0,0.61,3.99,636.0,3.38,16.12,427.0,251.0,2398.0,0.247
2021-01-28,Virgin Islands,4620.0,17075.0,3901.0,0.69,4.41,719.0,3.73,16.31,446.0,268.0,2560.0,0.271
2021-01-29,Virgin Islands,5256.0,17075.0,4367.0,0.85,5.02,889.0,4.17,16.31,636.0,312.0,2981.0,0.308
2021-01-30,Virgin Islands,5967.0,17075.0,4898.0,1.02,5.7,1069.0,4.68,16.31,711.0,373.0,3563.0,0.349
2021-01-31,Virgin Islands,6008.0,17075.0,4920.0,1.04,5.74,1088.0,4.7,16.31,41.0,376.0,3592.0,0.35200000000000004
2021-02-01,Virgin Islands,6116.0,17075.0,5026.0,1.04,5.84,1090.0,4.8,16.31,108.0,388.0,3707.0,0.358
2021-02-02,Virgin Islands,6709.0,20325.0,5447.0,1.21,6.41,1262.0,5.2,19.42,593.0,423.0,4041.0,0.33
2021-02-03,Virgin Islands,7387.0,20325.0,5906.0,1.41,7.06,1481.0,5.64,19.42,678.0,459.0,4385.0,0.363
2021-02-04,Virgin Islands,8212.0,20625.0,6237.0,1.89,7.84,1975.0,5.96,19.7,825.0,513.0,4901.0,0.39799999999999996
2021-02-05,Virgin Islands,8884.0,20625.0,6673.0,2.11,8.49,2211.0,6.37,19.7,672.0,518.0,4948.0,0.431
2021-02-06,Virgin Islands,9466.0,20625.0,6961.0,2.39,9.04,2505.0,6.65,19.7,582.0,500.0,4776.0,0.45899999999999996
2021-02-07,Virgin Islands,9477.0,20625.0,6972.0,2.39,9.05,2505.0,6.66,19.7,11.0,496.0,4738.0,0.45899999999999996
2021-02-08,Virgin Islands,9529.0,20625.0,7014.0,2.4,9.1,2515.0,6.7,19.7,52.0,488.0,4662.0,0.462
2021-02-09,Virgin Islands,10064.0,21525.0,7313.0,2.63,9.61,2751.0,6.99,20.56,535.0,479.0,4576.0,0.46799999999999997
2021-02-10,Virgin Islands,10718.0,24275.0,7762.0,2.82,10.24,2956.0,7.41,23.19,654.0,476.0,4547.0,0.442
2021-02-11,Virgin Islands,11168.0,25450.0,8039.0,2.99,10.67,3129.0,7.68,24.31,450.0,422.0,4031.0,0.439
2021-02-12,Virgin Islands,11691.0,26425.0,8404.0,3.14,11.17,3287.0,8.03,25.24,523.0,401.0,3831.0,0.442
2021-02-13,Virgin Islands,12182.0,26425.0,8649.0,3.38,11.64,3533.0,8.26,25.24,491.0,388.0,3707.0,0.461
2021-02-14,Virgin Islands,12288.0,26425.0,8730.0,3.4,11.74,3558.0,8.34,25.24,106.0,402.0,3840.0,0.465
2021-02-15,Virgin Islands,,,,,,,,,65.0,403.0,3850.0,
2021-02-16,Virgin Islands,12418.0,26425.0,8806.0,3.45,11.86,3612.0,8.41,25.24,65.0,336.0,3210.0,0.47
2021-02-17,Virgin Islands,13162.0,26425.0,9302.0,3.69,12.57,3860.0,8.89,25.24,744.0,349.0,3334.0,0.498
2021-02-18,Virgin Islands,13648.0,26425.0,9473.0,3.99,13.04,4175.0,9.05,25.24,486.0,354.0,3382.0,0.516
2021-02-19,Virgin Islands,14851.0,26425.0,10399.0,4.25,14.19,4452.0,9.93,25.24,1203.0,451.0,4308.0,0.562
2021-02-20,Virgin Islands,15826.0,26425.0,11041.0,4.57,15.12,4785.0,10.55,25.24,975.0,521.0,4977.0,0.599
2021-02-21,Virgin Islands,16123.0,26425.0,11244.0,4.66,15.4,4879.0,10.74,25.24,297.0,548.0,5235.0,0.61
2021-02-22,Virgin Islands,16187.0,26425.0,11247.0,4.72,15.46,4940.0,10.74,25.24,64.0,548.0,5235.0,0.613
2021-02-23,Virgin Islands,16893.0,28825.0,11669.0,4.99,16.14,5224.0,11.15,27.54,706.0,639.0,6104.0,0.586
2021-02-24,Virgin Islands,17447.0,29525.0,11939.0,5.26,16.67,5506.0,11.41,28.21,554.0,612.0,5846.0,0.591
2021-02-25,Virgin Islands,17778.0,36080.0,12112.0,5.41,16.98,5664.0,11.57,34.47,331.0,590.0,5636.0,0.493
2021-02-26,Virgin Islands,18684.0,36080.0,12613.0,5.79,17.85,6066.0,12.05,34.47,906.0,548.0,5235.0,0.518
2021-02-27,Virgin Islands,19118.0,36080.0,12740.0,6.09,18.26,6373.0,12.17,34.47,434.0,470.0,4490.0,0.53
2021-02-28,Virgin Islands,19369.0,36080.0,12922.0,6.15,18.5,6434.0,12.34,34.47,251.0,464.0,4433.0,0.537
2021-03-01,Virgin Islands,19470.0,36080.0,12925.0,6.24,18.6,6531.0,12.35,34.47,101.0,469.0,4480.0,0.54
2021-03-02,Virgin Islands,19736.0,37680.0,13071.0,6.35,18.85,6651.0,12.49,36.0,266.0,406.0,3878.0,0.524
2021-03-03,Virgin Islands,20149.0,38080.0,13286.0,6.54,19.25,6849.0,12.69,36.38,413.0,386.0,3687.0,0.529
2021-03-04,Virgin Islands,21615.0,38080.0,14414.0,6.87,20.65,7187.0,13.77,36.38,1466.0,548.0,5235.0,0.568
2021-03-05,Virgin Islands,22365.0,40420.0,14890.0,7.12,21.37,7458.0,14.22,38.61,750.0,526.0,5025.0,0.5529999999999999
2021-03-06,Virgin Islands,23014.0,40420.0,15380.0,7.28,21.99,7616.0,14.69,38.61,649.0,557.0,5321.0,0.569
2021-03-07,Virgin Islands,23033.0,40420.0,15393.0,7.28,22.0,7622.0,14.7,38.61,19.0,523.0,4996.0,0.57
2021-03-08,Virgin Islands,23053.0,41590.0,15049.0,7.21,22.02,7544.0,14.38,39.73,20.0,512.0,4891.0,0.5539999999999999
2021-03-09,Virgin Islands,23752.0,42090.0,15591.0,7.32,22.69,7665.0,14.89,40.21,699.0,574.0,5483.0,0.564
2021-03-10,Virgin Islands,24615.0,43860.0,16194.0,7.54,23.51,7896.0,15.47,41.9,863.0,638.0,6095.0,0.561
2021-03-11,Virgin Islands,25361.0,46200.0,16683.0,7.74,24.23,8102.0,15.94,44.13,746.0,535.0,5111.0,0.5489999999999999
