date,location,total_vaccinations,total_distributed,people_vaccinated,people_fully_vaccinated_per_hundred,total_vaccinations_per_hundred,people_fully_vaccinated,people_vaccinated_per_hundred,distributed_per_hundred,daily_vaccinations_raw,daily_vaccinations,daily_vaccinations_per_million,share_doses_used
2021-01-12,Washington,195567.0,567725.0,162105.0,0.23,2.57,17689.0,2.13,7.46,,,,0.344
2021-01-13,Washington,208238.0,572600.0,169650.0,0.3,2.73,22625.0,2.23,7.52,12671.0,12671.0,1664.0,0.364
2021-01-14,Washington,225238.0,655575.0,187450.0,,2.96,,2.46,8.61,17000.0,14836.0,1948.0,0.344
2021-01-15,Washington,242606.0,696175.0,200682.0,0.41,3.19,31581.0,2.64,9.14,17368.0,15680.0,2059.0,0.348
2021-01-16,Washington,,,,,,,,,19648.5,16672.0,2189.0,
2021-01-17,Washington,,,,,,,,,19648.5,17267.0,2268.0,
2021-01-18,Washington,,,,,,,,,19648.5,17664.0,2320.0,
2021-01-19,Washington,321200.0,696175.0,265507.0,0.59,4.22,45237.0,3.49,9.14,19648.5,17948.0,2357.0,0.461
2021-01-20,Washington,346765.0,805000.0,286500.0,0.65,4.55,49731.0,3.76,10.57,25565.0,19790.0,2599.0,0.431
2021-01-21,Washington,373423.0,820875.0,306942.0,0.73,4.9,55902.0,4.03,10.78,26658.0,21169.0,2780.0,0.455
2021-01-22,Washington,403135.0,829950.0,330357.0,0.82,5.29,62152.0,4.34,10.9,29712.0,22933.0,3012.0,0.486
2021-01-23,Washington,436997.0,846625.0,359217.0,0.88,5.74,67127.0,4.72,11.12,33862.0,24963.0,3278.0,0.516
2021-01-24,Washington,449385.0,846625.0,370231.0,0.9,5.9,68486.0,4.86,11.12,12388.0,23926.0,3142.0,0.531
2021-01-25,Washington,488785.0,846625.0,404326.0,0.97,6.42,73738.0,5.31,11.12,39400.0,26748.0,3513.0,0.5770000000000001
2021-01-26,Washington,507610.0,960800.0,420728.0,1.0,6.67,76144.0,5.53,12.62,18825.0,26630.0,3497.0,0.528
2021-01-27,Washington,534445.0,981050.0,441895.0,1.07,7.02,81786.0,5.8,12.88,26835.0,26811.0,3521.0,0.545
2021-01-28,Washington,571135.0,1003550.0,468528.0,1.2,7.5,91733.0,6.15,13.18,36690.0,28245.0,3709.0,0.569
2021-01-29,Washington,607071.0,1005500.0,496008.0,1.31,7.97,99955.0,6.51,13.2,35936.0,29134.0,3826.0,0.604
2021-01-30,Washington,643951.0,1031400.0,524466.0,1.42,8.46,108221.0,6.89,13.54,36880.0,29565.0,3883.0,0.624
2021-01-31,Washington,684344.0,1031400.0,555505.0,1.54,8.99,117398.0,7.29,13.54,40393.0,33566.0,4408.0,0.664
2021-02-01,Washington,720603.0,1031400.0,582420.0,1.66,9.46,126672.0,7.65,13.54,36259.0,33117.0,4349.0,0.6990000000000001
2021-02-02,Washington,741769.0,1129025.0,599313.0,1.72,9.74,130908.0,7.87,14.83,21166.0,33451.0,4393.0,0.657
2021-02-03,Washington,765954.0,1163675.0,616340.0,1.81,10.06,137930.0,8.09,15.28,24185.0,33073.0,4343.0,0.6579999999999999
2021-02-04,Washington,797358.0,1168625.0,637940.0,1.94,10.47,147498.0,8.38,15.35,31404.0,32318.0,4244.0,0.682
2021-02-05,Washington,827944.0,1172525.0,658508.0,2.07,10.87,157317.0,8.65,15.4,30586.0,31553.0,4144.0,0.706
2021-02-06,Washington,867773.0,1208600.0,684484.0,2.25,11.4,170990.0,8.99,15.87,39829.0,31975.0,4199.0,0.718
2021-02-07,Washington,905118.0,1208600.0,709023.0,2.41,11.89,183657.0,9.31,15.87,37345.0,31539.0,4142.0,0.7490000000000001
2021-02-08,Washington,937926.0,1208600.0,731739.0,2.54,12.32,193678.0,9.61,15.87,32808.0,31046.0,4077.0,0.7759999999999999
2021-02-09,Washington,951204.0,1364750.0,740234.0,2.61,12.49,198379.0,9.72,17.92,13278.0,29919.0,3929.0,0.6970000000000001
2021-02-10,Washington,1008946.0,1405100.0,780179.0,2.83,13.25,215824.0,10.25,18.45,57742.0,34713.0,4559.0,0.718
2021-02-11,Washington,1040044.0,1429050.0,797359.0,3.01,13.66,229588.0,10.47,18.77,31098.0,34669.0,4553.0,0.728
2021-02-12,Washington,1080510.0,1437825.0,819728.0,3.25,14.19,247481.0,10.76,18.88,40466.0,36081.0,4738.0,0.7509999999999999
2021-02-13,Washington,1121779.0,1437825.0,844801.0,3.46,14.73,263257.0,11.09,18.88,41269.0,36287.0,4765.0,0.78
2021-02-14,Washington,1166471.0,1437825.0,870853.0,3.7,15.32,281718.0,11.44,18.88,44692.0,37336.0,4903.0,0.8109999999999999
2021-02-15,Washington,,,,,,,,,17406.5,35136.0,4614.0,
2021-02-16,Washington,1201284.0,1453425.0,890282.0,3.9,15.78,296840.0,11.69,19.09,17406.5,35726.0,4692.0,0.8270000000000001
2021-02-17,Washington,1225920.0,1500225.0,898805.0,4.11,16.1,312815.0,11.8,19.7,24636.0,30996.0,4070.0,0.8170000000000001
2021-02-18,Washington,1255764.0,1500325.0,914138.0,4.3,16.49,327192.0,12.0,19.7,29844.0,30817.0,4047.0,0.8370000000000001
2021-02-19,Washington,1362197.0,1601125.0,982469.0,4.79,17.89,364470.0,12.9,21.03,106433.0,40241.0,5285.0,0.851
2021-02-20,Washington,1407229.0,1619340.0,1001775.0,5.12,18.48,389841.0,13.16,21.27,45032.0,40779.0,5355.0,0.8690000000000001
2021-02-21,Washington,1444507.0,1619340.0,1016677.0,5.4,18.97,411387.0,13.35,21.27,37278.0,39719.0,5216.0,0.892
2021-02-22,Washington,1479352.0,1619340.0,1027798.0,5.71,19.43,434996.0,13.5,21.27,34845.0,42211.0,5543.0,0.914
2021-02-23,Washington,1493572.0,1920320.0,1033551.0,5.82,19.61,443371.0,13.57,25.22,14220.0,41755.0,5483.0,0.778
2021-02-24,Washington,1514416.0,2013420.0,1042072.0,5.98,19.89,455469.0,13.68,26.44,20844.0,41214.0,5412.0,0.752
2021-02-25,Washington,1562425.0,2094570.0,1060262.0,6.37,20.52,484767.0,13.92,27.51,48009.0,43809.0,5753.0,0.746
2021-02-26,Washington,1609190.0,2166300.0,1077904.0,6.74,21.13,513570.0,14.16,28.45,46765.0,35285.0,4634.0,0.743
2021-02-27,Washington,1666839.0,2245010.0,1101969.0,7.18,21.89,546859.0,14.47,29.48,57649.0,37087.0,4870.0,0.742
2021-02-28,Washington,1729208.0,2245010.0,1130786.0,7.62,22.71,580143.0,14.85,29.48,62369.0,40672.0,5341.0,0.77
2021-03-01,Washington,1800030.0,2245010.0,1162447.0,8.13,23.64,618834.0,15.27,29.48,70822.0,45811.0,6016.0,0.802
2021-03-02,Washington,1841160.0,2443300.0,1182328.0,8.4,24.18,639927.0,15.53,32.09,41130.0,49655.0,6521.0,0.754
2021-03-03,Washington,1888198.0,2517210.0,1206474.0,8.7,24.8,662168.0,15.84,33.06,47038.0,53397.0,7012.0,0.75
2021-03-04,Washington,1942877.0,2572750.0,1239194.0,8.98,25.51,683690.0,16.27,33.79,54679.0,54350.0,7137.0,0.755
2021-03-05,Washington,2001032.0,2628620.0,1271687.0,9.31,26.28,708708.0,16.7,34.52,58155.0,55977.0,7351.0,0.7609999999999999
2021-03-06,Washington,2071467.0,2657880.0,1316519.0,9.64,27.2,733727.0,17.29,34.9,70435.0,57804.0,7591.0,0.779
2021-03-07,Washington,2143916.0,2657880.0,1362343.0,9.98,28.15,760004.0,17.89,34.9,72449.0,59244.0,7780.0,0.807
2021-03-08,Washington,2213284.0,2657880.0,1411252.0,10.35,29.07,788319.0,18.53,34.9,69368.0,59036.0,7753.0,0.833
2021-03-09,Washington,2255182.0,2942240.0,1437268.0,10.56,29.62,804325.0,18.87,38.64,41898.0,59146.0,7767.0,0.7659999999999999
2021-03-10,Washington,2303420.0,2989200.0,1469986.0,10.76,30.25,819624.0,19.3,39.25,48238.0,59317.0,7790.0,0.7709999999999999
2021-03-11,Washington,2381471.0,3034110.0,1515461.0,11.22,31.27,854645.0,19.9,39.84,78051.0,62656.0,8228.0,0.785
