date,location,total_vaccinations,total_distributed,people_vaccinated,people_fully_vaccinated_per_hundred,total_vaccinations_per_hundred,people_fully_vaccinated,people_vaccinated_per_hundred,distributed_per_hundred,daily_vaccinations_raw,daily_vaccinations,daily_vaccinations_per_million,share_doses_used
2021-01-12,West Virginia,103330.0,160975.0,,,5.77,,,8.98,,,,0.642
2021-01-13,West Virginia,110709.0,160975.0,,,6.18,,,8.98,7379.0,7379.0,4117.0,0.688
2021-01-14,West Virginia,118660.0,160975.0,99061.0,,6.62,,5.53,8.98,7951.0,7665.0,4277.0,0.737
2021-01-15,West Virginia,134207.0,205475.0,113034.0,1.18,7.49,21162.0,6.31,11.47,15547.0,10292.0,5743.0,0.653
2021-01-16,West Virginia,,,,,,,,,4612.5,8872.0,4950.0,
2021-01-17,West Virginia,,,,,,,,,4612.5,8020.0,4475.0,
2021-01-18,West Virginia,,,,,,,,,4612.5,7452.0,4158.0,
2021-01-19,West Virginia,152657.0,205475.0,128923.0,1.32,8.52,23723.0,7.19,11.47,4612.5,7047.0,3932.0,0.743
2021-01-20,West Virginia,158621.0,231800.0,132929.0,1.43,8.85,25681.0,7.42,12.93,5964.0,6845.0,3819.0,0.684
2021-01-21,West Virginia,167548.0,231800.0,135950.0,1.76,9.35,31587.0,7.59,12.93,8927.0,6984.0,3897.0,0.723
2021-01-22,West Virginia,180762.0,231800.0,145361.0,1.97,10.09,35390.0,8.11,12.93,13214.0,6651.0,3711.0,0.78
2021-01-23,West Virginia,194844.0,243100.0,156854.0,2.12,10.87,37979.0,8.75,13.56,14082.0,8004.0,4466.0,0.8009999999999999
2021-01-24,West Virginia,202883.0,243100.0,163801.0,2.18,11.32,39071.0,9.14,13.56,8039.0,8493.0,4739.0,0.835
2021-01-25,West Virginia,203992.0,243100.0,164528.0,2.2,11.38,39453.0,9.18,13.56,1109.0,7992.0,4459.0,0.8390000000000001
2021-01-26,West Virginia,210492.0,278400.0,167660.0,2.39,11.75,42821.0,9.36,15.53,6500.0,8262.0,4610.0,0.7559999999999999
2021-01-27,West Virginia,214926.0,278400.0,169671.0,2.52,11.99,45244.0,9.47,15.53,4434.0,8044.0,4488.0,0.772
2021-01-28,West Virginia,224604.0,278400.0,173750.0,2.84,12.53,50843.0,9.7,15.53,9678.0,8151.0,4548.0,0.807
2021-01-29,West Virginia,239963.0,278400.0,181839.0,3.24,13.39,58113.0,10.15,15.53,15359.0,8457.0,4719.0,0.862
2021-01-30,West Virginia,256401.0,305200.0,191225.0,3.64,14.31,65165.0,10.67,17.03,16438.0,8794.0,4907.0,0.84
2021-01-31,West Virginia,259774.0,305200.0,192580.0,3.75,14.5,67183.0,10.75,17.03,3373.0,8127.0,4535.0,0.851
2021-02-01,West Virginia,260325.0,305200.0,192951.0,3.76,14.53,67363.0,10.77,17.03,551.0,8048.0,4491.0,0.853
2021-02-02,West Virginia,264205.0,325100.0,194301.0,3.9,14.74,69893.0,10.84,18.14,3880.0,7673.0,4281.0,0.813
2021-02-03,West Virginia,268065.0,328600.0,195200.0,4.04,14.96,72456.0,10.89,18.34,3860.0,7591.0,4236.0,0.816
2021-02-04,West Virginia,276753.0,328600.0,197939.0,4.37,15.44,78405.0,11.04,18.34,8688.0,7450.0,4157.0,0.8420000000000001
2021-02-05,West Virginia,291819.0,328600.0,203731.0,4.89,16.28,87679.0,11.37,18.34,15066.0,7408.0,4134.0,0.888
2021-02-06,West Virginia,314870.0,357000.0,214301.0,5.59,17.57,100159.0,11.96,19.92,23051.0,8353.0,4661.0,0.882
2021-02-07,West Virginia,322046.0,357000.0,217613.0,5.8,17.97,104023.0,12.14,19.92,7176.0,8896.0,4964.0,0.902
2021-02-08,West Virginia,323387.0,357000.0,218266.0,5.84,18.04,104711.0,12.18,19.92,1341.0,9009.0,5027.0,0.9059999999999999
2021-02-09,West Virginia,327414.0,380400.0,219723.0,6.01,18.27,107679.0,12.26,21.23,4027.0,9030.0,5039.0,0.861
2021-02-10,West Virginia,332577.0,380400.0,222233.0,6.16,18.56,110332.0,12.4,21.23,5163.0,9216.0,5142.0,0.8740000000000001
2021-02-11,West Virginia,340780.0,387400.0,226323.0,6.39,19.02,114445.0,12.63,21.62,8203.0,9147.0,5104.0,0.88
2021-02-12,West Virginia,351427.0,387700.0,230596.0,6.74,19.61,120819.0,12.87,21.63,10647.0,8515.0,4751.0,0.9059999999999999
2021-02-13,West Virginia,376113.0,395600.0,242233.0,7.47,20.99,133868.0,13.52,22.07,24686.0,8749.0,4882.0,0.951
2021-02-14,West Virginia,386583.0,395600.0,247689.0,7.75,21.57,138882.0,13.82,22.07,10470.0,9220.0,5145.0,0.977
2021-02-15,West Virginia,,,,,,,,,3530.0,9532.0,5319.0,
2021-02-16,West Virginia,393643.0,429800.0,250814.0,7.97,21.96,142817.0,14.0,23.98,3530.0,9461.0,5279.0,0.9159999999999999
2021-02-17,West Virginia,396009.0,441500.0,251627.0,8.06,22.1,144370.0,14.04,24.64,2366.0,9062.0,5057.0,0.897
2021-02-18,West Virginia,403532.0,441500.0,254778.0,8.3,22.52,148742.0,14.22,24.64,7523.0,8965.0,5002.0,0.914
2021-02-19,West Virginia,440614.0,481225.0,279255.0,9.0,24.59,161329.0,15.58,26.85,37082.0,12741.0,7109.0,0.9159999999999999
2021-02-20,West Virginia,458087.0,481225.0,288262.0,9.47,25.56,169795.0,16.08,26.85,17473.0,11711.0,6535.0,0.9520000000000001
2021-02-21,West Virginia,463513.0,481225.0,290411.0,9.66,25.86,173068.0,16.2,26.85,5426.0,10990.0,6132.0,0.963
2021-02-22,West Virginia,465593.0,481225.0,291272.0,9.73,25.98,174287.0,16.25,26.85,2080.0,10783.0,6017.0,0.968
2021-02-23,West Virginia,470643.0,512865.0,293891.0,9.86,26.26,176709.0,16.4,28.62,5050.0,11000.0,6138.0,0.9179999999999999
2021-02-24,West Virginia,474477.0,556135.0,295452.0,9.99,26.48,178975.0,16.49,31.03,3834.0,11210.0,6255.0,0.853
2021-02-25,West Virginia,485535.0,568255.0,300110.0,10.34,27.09,185374.0,16.75,31.71,11058.0,11715.0,6537.0,0.8540000000000001
2021-02-26,West Virginia,501913.0,571155.0,308262.0,10.8,28.01,193594.0,17.2,31.87,16378.0,8757.0,4886.0,0.879
2021-02-27,West Virginia,526059.0,605255.0,320183.0,11.48,29.35,205801.0,17.87,33.77,24146.0,9710.0,5418.0,0.8690000000000001
2021-02-28,West Virginia,532295.0,605255.0,322459.0,11.7,29.7,209759.0,17.99,33.77,6236.0,9826.0,5483.0,0.879
2021-03-01,West Virginia,534053.0,605255.0,323332.0,11.75,29.8,210642.0,18.04,33.77,1758.0,9780.0,5457.0,0.882
2021-03-02,West Virginia,536534.0,644595.0,324863.0,11.81,29.94,211589.0,18.13,35.97,2481.0,9413.0,5252.0,0.8320000000000001
2021-03-03,West Virginia,541453.0,652465.0,327437.0,11.94,30.21,213929.0,18.27,36.41,4919.0,9568.0,5339.0,0.83
2021-03-04,West Virginia,553449.0,659465.0,335690.0,12.15,30.88,217666.0,18.73,36.8,11996.0,9702.0,5414.0,0.8390000000000001
2021-03-05,West Virginia,574473.0,680665.0,350207.0,12.51,32.06,224165.0,19.54,37.98,21024.0,10366.0,5784.0,0.8440000000000001
2021-03-06,West Virginia,594118.0,723565.0,363204.0,12.88,33.15,230801.0,20.27,40.37,19645.0,9723.0,5425.0,0.821
2021-03-07,West Virginia,601440.0,723565.0,368186.0,13.01,33.56,233139.0,20.54,40.37,7322.0,9878.0,5512.0,0.831
2021-03-08,West Virginia,602407.0,723565.0,363952.0,12.84,33.61,230156.0,20.31,40.37,967.0,9765.0,5449.0,0.833
2021-03-09,West Virginia,606345.0,773125.0,367001.0,12.91,33.83,231295.0,20.48,43.14,3938.0,9973.0,5565.0,0.784
2021-03-10,West Virginia,611113.0,778825.0,370361.0,12.99,34.1,232746.0,20.67,43.46,4768.0,9951.0,5553.0,0.785
2021-03-11,West Virginia,626149.0,778825.0,379579.0,13.32,34.94,238717.0,21.18,43.46,15036.0,10386.0,5795.0,0.804
